5.552440166473389
5.479184627532959
5.774624824523926
5.461481094360352
5.368350028991699
5.396143913269043
5.752612113952637
5.005978107452393
5.367544651031494
5.534677028656006
5.4494194984436035
3.386993646621704
2.227280855178833
0.8842387199401855
0.7042719125747681
17.18008804321289
12.12531566619873
8.320940017700195
6.078761100769043
2.6265153884887695
3.003926992416382
5.499397277832031
5.437939643859863
5.4392499923706055
5.297918319702148
5.28985071182251
5.219052791595459
5.215386867523193
5.280054569244385
4.304105281829834
4.190041542053223
5.336123943328857
5.376939296722412
5.251711368560791
3.2783448696136475
5.378809452056885
5.403755187988281
5.472329139709473
5.352092742919922
2.8685238361358643
5.295565128326416
5.349211692810059
5.314826011657715
5.301695346832275
2.718787670135498
5.184893608093262
5.340758323669434
5.31527853012085
3.1337790489196777
5.236374378204346
2.2028725147247314
1.8715578317642212
6.076700687408447
6.100959300994873
6.059676170349121
1.3154757022857666
5.553810119628906
2.0085055828094482
5.561075210571289
5.634554862976074
5.365288257598877
5.253195762634277
5.240615367889404
3.0088951587677
5.229589462280273
3.0355052947998047
5.206013202667236
5.257656574249268
2.565718173980713
5.35959529876709
5.383890628814697
5.371490955352783
5.367627143859863
2.0825765132904053
1.6342073678970337
1.6393492221832275
5.0068793296813965
1.1229923963546753
6.507596015930176
0.947330892086029
6.5528435707092285
6.505434513092041
5.865589141845703
5.722854137420654
5.018965721130371
5.093673229217529
3.6201841831207275
5.151492118835449
5.1070332527160645
5.178941249847412
5.131067752838135
4.136823654174805
4.018947124481201
3.726179838180542
5.196786880493164
3.6809003353118896
5.296462535858154
5.188990592956543
5.193637847900391
2.3058483600616455
5.184257507324219
5.28467321395874
5.310609340667725
5.305612087249756
5.351621150970459
3.658020257949829
3.29537034034729
2.062257766723633
0.9049761295318604
5.697261810302734
1.1913676261901855
5.962583541870117
5.8037638664245605
5.971984386444092
5.476253509521484
5.278788089752197
5.166111946105957
4.87038516998291
4.958333969116211
5.156714916229248
5.007923603057861
5.079679489135742
5.102778434753418
5.097555637359619
5.065310001373291
4.950130939483643
4.4440436363220215
5.003191947937012
5.03188943862915
4.315933704376221
4.992236614227295
4.034976959228516
4.94003438949585
5.153802394866943
5.206151485443115
3.3198647499084473
5.271842956542969
4.992031097412109
5.105683326721191
5.168163776397705
4.997027397155762
5.092846393585205
5.082125186920166
2.8722710609436035
5.06060266494751
5.081218719482422
4.935905933380127
5.2227349281311035
2.4085493087768555
5.214638710021973
5.182427406311035
1.9362047910690308
1.6668572425842285
5.561246395111084
5.60143518447876
1.2419774532318115
1.1359264850616455
5.76108980178833
1.0448118448257446
6.17160701751709
5.944735527038574
4.9702911376953125
5.185522079467773
5.377493381500244
5.073409080505371
5.178791046142578
5.037197113037109
5.215896129608154
5.30457067489624
5.180955410003662
5.1256537437438965
5.140594959259033
5.209267616271973
4.986151218414307
5.354940414428711
4.953586101531982
4.791440486907959
5.002140522003174
5.171390056610107
4.8438591957092285
5.541091442108154
5.034282684326172
5.291851997375488
4.955052852630615
4.8656158447265625
4.912929058074951
4.940321445465088
4.8410115242004395
4.861647129058838
4.837303161621094
5.034639835357666
4.905584335327148
4.738509178161621
4.702649116516113
4.5816731452941895
5.366184234619141
4.780932903289795
4.803539752960205
5.056663990020752
4.700287342071533
4.791869640350342
4.669672966003418
4.685145378112793
4.8996052742004395
4.750802516937256
5.035995006561279
4.56182861328125
4.5716962814331055
4.897952079772949
4.564841270446777
4.832572937011719
4.668917179107666
4.8083271980285645
4.518143653869629
4.884890079498291
4.498776912689209
4.855072498321533
4.631034851074219
4.756810188293457
4.4670281410217285
4.664937973022461
4.63341760635376
4.613001823425293
4.830212116241455
4.506245136260986
4.983560085296631
4.921187400817871
4.397872447967529
4.659588813781738
4.787715435028076
4.540752410888672
4.901651382446289
4.877369403839111
4.863882541656494
4.830430030822754
5.001253604888916
4.79434871673584
4.607407093048096
4.418097496032715
4.920002460479736
4.689449310302734
4.751301288604736
4.747820854187012
4.6160783767700195
4.76777458190918
4.582827091217041
4.928073883056641
4.414654731750488
4.460870742797852
4.5078887939453125
4.405196189880371
4.343225479125977
4.789071083068848
5.386651039123535
4.869848251342773
5.71875
4.527274131774902
4.865840435028076
5.03156852722168
4.858573913574219
4.483797073364258
4.830402374267578
4.337977886199951
5.0013298988342285
4.366662502288818
4.641168594360352
4.492974281311035
4.493006229400635
4.298714637756348
4.50992488861084
5.19109582901001
4.974800109863281
4.737955570220947
4.3961687088012695
5.135477542877197
4.815999984741211
4.2709856033325195
4.1988654136657715
4.726511001586914
4.761748790740967
4.7562971115112305
4.505370140075684
4.486188888549805
4.659832954406738
4.586310386657715
4.297467231750488
4.953958511352539
4.3292317390441895
4.463344097137451
4.993636608123779
5.0546088218688965
5.09095573425293
4.828948020935059
4.77370548248291
4.503278732299805
5.149606227874756
4.770869255065918
4.899619102478027
4.421364784240723
4.872645378112793
4.689614772796631
4.501954078674316
4.878676414489746
4.646679401397705
4.681764602661133
4.8490824699401855
4.462769985198975
4.894431114196777
4.652740001678467
5.011147975921631
4.790009021759033
5.055852890014648
4.241265773773193
4.814974308013916
4.696619510650635
4.540424346923828
4.6863322257995605
4.543505668640137
4.733126163482666
4.733787536621094
4.050333023071289
4.832801342010498
4.5035929679870605
4.850385665893555
4.7715535163879395
4.865823745727539
4.464256763458252
4.643322944641113
4.810680866241455
4.643177032470703
4.434279441833496
4.801021575927734
4.4724040031433105
4.4392313957214355
4.392232894897461
4.74420166015625
4.296153545379639
4.362574100494385
4.1459126472473145
4.204516887664795
4.935669422149658
4.762069225311279
4.406996726989746
4.923155784606934
4.249750137329102
5.11806583404541
4.826632976531982
4.311662673950195
4.44275426864624
4.570714473724365
4.808033466339111
4.337400913238525
5.216648101806641
4.845907211303711
4.742552757263184
4.449521064758301
4.395816802978516
4.7681884765625
4.626054286956787
4.651470184326172
4.441328525543213
4.518399238586426
4.459500312805176
4.963509559631348
4.402135848999023
5.190313339233398
5.118088722229004
4.961552143096924
4.690293312072754
4.836468696594238
4.910685062408447
4.77454137802124
4.737755298614502
5.080524444580078
4.735165119171143
4.62930965423584
4.7236714363098145
4.529731750488281
5.265697002410889
5.013638973236084
4.885491847991943
4.722917079925537
4.757033348083496
4.723219394683838
4.621575832366943
4.9164628982543945
5.053847789764404
4.5784220695495605
5.0211029052734375
4.755631923675537
5.1111860275268555
4.8774213790893555
4.6833600997924805
4.813675403594971
4.7065629959106445
4.658567428588867
4.65994930267334
4.2443413734436035
4.629657745361328
4.168570518493652
4.672530651092529
5.033677577972412
4.6370768547058105
4.795812606811523
4.709714412689209
5.083205223083496
2.8737127780914307
4.572995185852051
4.629580497741699
4.6869001388549805
4.465582370758057
1.6804006099700928
5.397402763366699
4.898131370544434
4.646849632263184
4.725043773651123
3.6461946964263916
4.600583076477051
1.9909178018569946
4.970305919647217
5.385422229766846
4.911582946777344
5.063269138336182
3.3142075538635254
5.109333038330078
5.182191848754883
4.78621244430542
2.748375177383423
4.811582565307617
4.800558567047119
5.095109462738037
4.906521320343018
4.639205455780029
4.838743209838867
4.476303577423096
4.872386455535889
4.732457637786865
4.875852108001709
4.7513861656188965
4.700662136077881
4.655764102935791
4.626308441162109
4.5117058753967285
4.891651153564453
4.660375118255615
4.356632232666016
5.18638277053833
4.716726779937744
4.578949928283691
3.060394287109375
4.853514194488525
2.4267256259918213
4.424551486968994
5.099479675292969
5.295540809631348
2.0794641971588135
4.742123603820801
4.935293197631836
3.3137366771698
4.863858222961426
5.0483012199401855
4.466512203216553
3.898268699645996
4.723397254943848
4.344771862030029
4.61056661605835
