5.5509443283081055
5.550230503082275
5.548391342163086
5.5480875968933105
5.543680667877197
5.541604995727539
5.538118839263916
5.537939548492432
5.533617973327637
5.527550220489502
5.5257391929626465
5.5215067863464355
5.515076637268066
5.510095119476318
5.501306056976318
5.5039520263671875
5.495675563812256
5.4835638999938965
5.483286380767822
5.493797302246094
5.46424674987793
5.4507012367248535
5.441653251647949
5.451953887939453
5.426815032958984
5.418025016784668
5.431626319885254
5.410123348236084
5.397182941436768
5.39928674697876
5.323573589324951
5.399163246154785
5.4058403968811035
5.343780517578125
5.411451816558838
5.360152721405029
5.40427827835083
5.360826015472412
5.342586994171143
5.347966194152832
5.3252854347229
5.308106422424316
5.293047904968262
5.280581951141357
5.301893711090088
5.234238147735596
5.405655860900879
5.262750148773193
5.259413719177246
5.248751640319824
5.222838878631592
5.315891265869141
5.258535861968994
5.2805495262146
5.185246467590332
5.312213897705078
5.271872520446777
5.2356696128845215
5.238910675048828
5.191949844360352
5.2637763023376465
5.258707523345947
5.200636386871338
5.227487087249756
5.153712272644043
5.235169410705566
5.234241485595703
5.214903354644775
5.219205856323242
5.2674713134765625
5.2558112144470215
5.17478609085083
5.219935417175293
5.1994547843933105
5.162149906158447
5.172087669372559
5.175334453582764
5.14450740814209
5.148800373077393
5.206907749176025
5.309258937835693
5.131508827209473
5.077041149139404
5.233283519744873
5.087038040161133
5.243116855621338
5.1756086349487305
5.194669723510742
5.175903797149658
5.149123191833496
5.154662609100342
5.13311767578125
5.097650051116943
5.156473159790039
5.135821342468262
5.095437526702881
5.12468147277832
5.083442211151123
5.108366966247559
5.1512346267700195
5.140375137329102
5.028861999511719
5.053774833679199
5.1153717041015625
5.078023433685303
5.121117115020752
5.040213584899902
5.033461570739746
5.04276704788208
5.068803310394287
5.170780181884766
5.14012336730957
5.095030784606934
5.120230674743652
5.04353666305542
5.021918296813965
5.1342339515686035
5.116929531097412
5.009939193725586
5.08376932144165
5.09208869934082
5.0377516746521
5.06243896484375
5.0298967361450195
5.059695720672607
5.0853071212768555
5.097424030303955
5.098821640014648
4.996453285217285
5.092629909515381
5.040139198303223
5.0947394371032715
4.9886698722839355
5.025694847106934
4.97573709487915
5.025918483734131
5.154341220855713
4.9825758934021
5.236146450042725
5.0718488693237305
5.080662250518799
5.0939226150512695
5.078364849090576
4.975794792175293
5.07607889175415
5.068338394165039
5.048465251922607
5.0701751708984375
5.045982360839844
5.034606456756592
5.01991081237793
5.042313575744629
4.96414041519165
5.026719570159912
5.092233180999756
4.9305338859558105
4.88223934173584
5.147097110748291
4.969730377197266
4.968965530395508
4.933749198913574
5.0936808586120605
5.044897079467773
5.106401443481445
5.010976791381836
4.940360069274902
4.941544532775879
4.929906368255615
5.0174126625061035
5.072464466094971
4.920811653137207
5.020023345947266
5.0658087730407715
4.983511447906494
5.031742095947266
4.974534511566162
5.02833366394043
5.135776519775391
5.105070114135742
4.956389904022217
5.016209125518799
4.971569538116455
5.007619857788086
5.057565212249756
5.077331066131592
4.950243949890137
4.979835033416748
5.02255392074585
5.06923770904541
4.942721366882324
4.976716995239258
4.8788838386535645
4.943380832672119
5.2127156257629395
4.972284317016602
4.960926055908203
4.9877166748046875
4.914400577545166
5.032830715179443
5.001528739929199
4.992552280426025
4.944364547729492
5.003933906555176
4.961911678314209
5.021366119384766
4.8861823081970215
5.013430118560791
4.943619251251221
4.940896034240723
4.996695041656494
5.092155933380127
5.050764560699463
4.941355228424072
4.909543037414551
5.065761089324951
4.96040678024292
4.993569374084473
4.982941150665283
5.087327003479004
4.966207504272461
4.989230155944824
4.979452610015869
4.98000431060791
5.022024154663086
4.869002342224121
5.048213481903076
4.921678066253662
4.985555648803711
4.862841606140137
4.897249221801758
4.998194217681885
4.8792901039123535
4.896661758422852
5.089872360229492
4.8942952156066895
4.941924095153809
4.878903865814209
5.069859027862549
4.95360803604126
4.990467071533203
5.068881988525391
4.993086338043213
5.034268856048584
5.017347812652588
5.024311542510986
4.9323554039001465
4.963689804077148
5.003510475158691
4.915280818939209
5.025866985321045
4.98117733001709
5.015586853027344
4.808572769165039
4.925467014312744
5.021622180938721
4.989209175109863
4.897897243499756
5.0287275314331055
4.827190399169922
4.95111083984375
4.883786678314209
4.981831073760986
4.9233479499816895
4.910284519195557
4.912814140319824
5.01615571975708
4.857680320739746
5.0100789070129395
5.020083427429199
4.963174343109131
4.8634033203125
4.868098258972168
4.840534210205078
5.003725051879883
4.9736738204956055
4.94835090637207
4.956133842468262
4.898227691650391
5.0794548988342285
4.925611972808838
4.879796028137207
4.936218738555908
4.930059909820557
4.972222328186035
4.911993026733398
4.926863670349121
4.866713523864746
4.810013771057129
5.010875701904297
4.853720188140869
4.909350872039795
4.908021926879883
4.919626235961914
4.873850345611572
4.92623233795166
4.9564642906188965
5.00237512588501
4.905070781707764
4.948644638061523
4.943525314331055
4.834939479827881
4.971924781799316
4.991238594055176
4.91021728515625
4.909508228302002
4.7751688957214355
4.790666103363037
4.843562602996826
4.897494792938232
4.980995178222656
4.928896903991699
4.820934772491455
4.792880058288574
4.851614952087402
4.927194595336914
4.994909763336182
4.956739902496338
4.982161045074463
5.031891822814941
4.9045186042785645
4.976176738739014
4.90684175491333
4.920447826385498
4.826595306396484
4.9999542236328125
4.928101062774658
4.963997840881348
4.918076515197754
4.884293556213379
4.935656547546387
4.834131717681885
4.979556560516357
4.886386394500732
4.838471412658691
5.018043518066406
4.910223007202148
4.8275299072265625
4.801075458526611
5.051347255706787
4.965576648712158
4.945240497589111
4.801243782043457
4.84268045425415
4.995513439178467
4.912934303283691
4.817452907562256
4.875673294067383
4.81480073928833
4.821929454803467
4.828204154968262
4.882688045501709
4.943257808685303
5.079555511474609
4.913056373596191
4.958290100097656
4.883228302001953
4.8307695388793945
4.973611354827881
4.859699249267578
4.915411472320557
4.788306713104248
5.008718967437744
4.86554479598999
4.957521438598633
4.779884338378906
4.9081501960754395
4.939919948577881
4.79740571975708
4.99510383605957
4.987508296966553
4.887399673461914
4.849658966064453
5.050951957702637
4.8969807624816895
4.8735551834106445
4.915635585784912
4.868680477142334
4.819086074829102
4.769713878631592
4.959122657775879
4.736783027648926
4.956101417541504
4.868691444396973
4.967883586883545
4.831064701080322
4.897692680358887
4.98138952255249
4.8646955490112305
4.923152923583984
4.9216203689575195
4.93667459487915
4.8964152336120605
4.872065544128418
4.846968173980713
4.82230281829834
4.95142936706543
4.802590370178223
4.726295471191406
4.823352336883545
4.7619805335998535
4.869089603424072
4.8013458251953125
4.976590156555176
4.934745788574219
4.927277565002441
4.788163661956787
4.704711437225342
4.907488822937012
4.814996719360352
4.864997386932373
4.864161014556885
4.867044925689697
4.927343845367432
4.836081027984619
4.922712326049805
4.798928737640381
5.011988162994385
4.896074295043945
4.7713751792907715
4.878868579864502
4.89265251159668
4.918827056884766
4.865463733673096
4.7836222648620605
4.84492301940918
4.937232971191406
4.71606969833374
4.902505397796631
4.745978832244873
4.841023921966553
4.918760776519775
4.787728309631348
4.821415424346924
4.777074813842773
4.979315757751465
4.890720844268799
4.790100574493408
4.813601016998291
4.818856716156006
4.772953987121582
4.772216320037842
4.706019878387451
4.993178367614746
4.742827415466309
4.781130790710449
4.732478618621826
4.763239860534668
5.001512050628662
4.719055652618408
4.724017143249512
4.9070563316345215
4.807839870452881
4.7838263511657715
4.7933349609375
4.966879844665527
4.737695217132568
4.755992889404297
4.7403154373168945
4.796172618865967
4.81338357925415
4.684445858001709
4.884238243103027
4.743282318115234
4.814655780792236
4.870194911956787
4.6805338859558105
4.759335994720459
4.859862804412842
4.7794976234436035
4.7667131423950195
4.76324987411499
4.878634452819824
4.9003167152404785
4.9482951164245605
4.789173603057861
4.798856258392334
4.746241569519043
5.028144836425781
4.919341564178467
4.876143932342529
4.776915073394775
4.837118625640869
4.945268630981445
4.918304920196533
4.9014058113098145
4.847121238708496
4.8158087730407715
4.886966705322266
4.76304292678833
4.8002166748046875
4.794802665710449
4.751142501831055
4.699827671051025
4.759687900543213
4.745973110198975
4.9175190925598145
4.796746730804443
5.005888938903809
4.739450454711914
4.839645862579346
4.725679874420166
4.830240726470947
4.903922080993652
4.84047794342041
4.813228607177734
4.810518741607666
4.8006367683410645
4.848462104797363
4.800924301147461
4.886784076690674
4.8647332191467285
4.877549648284912
4.900099754333496
4.853745460510254
4.825370788574219
4.848450660705566
4.7214741706848145
4.797754764556885
4.904612064361572
4.754010200500488
4.802642345428467
5.023210525512695
4.807847023010254
4.903311729431152
4.895850658416748
4.768608570098877
4.8934855461120605
4.741184711456299
4.815372467041016
4.9380879402160645
5.308548927307129
4.760140419006348
4.8189849853515625
4.9342451095581055
4.920676231384277
4.821261405944824
4.869379043579102
4.894009590148926
4.788379192352295
4.73844575881958
4.755215167999268
4.796879768371582
4.9303107261657715
4.896183967590332
5.02649450302124
4.904555320739746
4.734818935394287
4.786828517913818
4.762030124664307
4.8171491622924805
4.6833600997924805
4.849603652954102
4.9246320724487305
4.86909294128418
4.8858795166015625
4.866300106048584
4.887172698974609
4.917079925537109
4.798520088195801
4.794334888458252
4.873408317565918
4.777167797088623
4.672272205352783
4.970691204071045
4.802034854888916
4.769439697265625
4.693375110626221
4.694339752197266
4.81178617477417
4.899213790893555
4.776538848876953
4.674841403961182
4.698055744171143
4.95387601852417
4.7503509521484375
4.693809509277344
4.819096088409424
4.752038478851318
4.676882743835449
4.833351135253906
4.784979820251465
4.752044200897217
4.708281993865967
4.814802646636963
4.770050525665283
4.895408630371094
4.78916597366333
4.722210884094238
4.769363880157471
4.808814525604248
4.881863594055176
4.738399982452393
4.792853355407715
4.856161594390869
4.707543849945068
4.7610249519348145
4.747926235198975
4.909926891326904
4.883038520812988
4.7945556640625
4.762152194976807
4.728750228881836
4.91524600982666
4.831536293029785
4.774661064147949
4.8596930503845215
4.698054790496826
4.809137344360352
4.930234909057617
4.81280517578125
4.702902317047119
4.812114238739014
4.7368669509887695
4.83494758605957
4.685234546661377
4.804870128631592
4.879343032836914
4.791624069213867
4.841089725494385
4.711737632751465
4.793766021728516
4.975132942199707
4.9073286056518555
4.939024925231934
4.846773624420166
4.8153910636901855
4.784999370574951
4.819643497467041
4.714316368103027
4.978981018066406
4.65521240234375
4.763003349304199
4.861687660217285
4.706767559051514
5.0214152336120605
4.719559192657471
4.75214958190918
4.729076862335205
4.609099864959717
4.879223823547363
4.840692043304443
4.728504180908203
4.745925426483154
4.834467887878418
4.860794544219971
4.70456600189209
4.611359119415283
4.833099842071533
4.753544807434082
4.972213268280029
4.771353721618652
4.831239223480225
4.757236480712891
4.780063152313232
4.891620635986328
4.898913860321045
4.878181457519531
4.845967769622803
4.807876110076904
4.683313846588135
4.7284040451049805
4.820252895355225
4.743602752685547
4.818499565124512
4.836285591125488
4.866851329803467
4.737644672393799
4.785090446472168
4.729771137237549
4.6453537940979
4.8634161949157715
4.987203598022461
4.815736770629883
4.852942943572998
4.82806921005249
4.8553595542907715
4.847246170043945
4.774454593658447
4.820364475250244
4.740359783172607
4.919094085693359
4.693251609802246
4.842892646789551
4.801202297210693
4.830293655395508
4.911067962646484
4.700229167938232
4.871096134185791
4.86301326751709
4.764313220977783
4.810422897338867
4.690701484680176
4.853557586669922
4.663383960723877
4.82647180557251
4.880457401275635
4.787440776824951
4.857945442199707
4.7515435218811035
4.658870697021484
4.821135520935059
4.626192092895508
4.81525993347168
4.760787010192871
4.797903537750244
4.726226329803467
4.640597820281982
4.833017349243164
4.794290065765381
4.751639366149902
4.582221508026123
4.837077617645264
4.89910364151001
4.70631742477417
4.706993579864502
4.763635635375977
4.902978897094727
4.661602973937988
4.795276641845703
4.848410129547119
4.8337321281433105
4.747628688812256
4.7748517990112305
4.967884063720703
4.743753910064697
4.903275966644287
4.837228298187256
4.757868766784668
4.779072284698486
4.879951477050781
4.9217658042907715
4.736581325531006
4.695825576782227
4.7336649894714355
4.901875019073486
4.843770980834961
4.925352573394775
4.8603901863098145
4.756423473358154
4.912191867828369
4.849153518676758
4.72918701171875
4.792764186859131
4.813955783843994
4.831112384796143
4.7357892990112305
4.815072059631348
4.775739669799805
4.787745475769043
4.6599907875061035
4.718990325927734
4.688449859619141
4.7475786209106445
5.004383563995361
4.839184761047363
4.687446594238281
4.739611625671387
4.791627407073975
4.743264675140381
4.6420512199401855
4.769960403442383
4.813899993896484
4.844259262084961
4.792117595672607
4.784306049346924
4.789391040802002
4.593907356262207
4.809025764465332
4.821586608886719
4.859760761260986
4.91920804977417
4.730137348175049
4.686007499694824
4.775186061859131
4.849308013916016
4.918764591217041
4.784576892852783
4.844476222991943
4.759231090545654
4.952212333679199
4.7882080078125
4.921816349029541
4.800807476043701
4.653226375579834
4.7711687088012695
4.932409763336182
4.666194438934326
4.768152713775635
4.842633247375488
4.7555108070373535
4.8891754150390625
4.722584247589111
4.826228618621826
4.764678955078125
4.795360088348389
4.803521633148193
4.686387062072754
4.78557014465332
4.7865166664123535
4.770329475402832
4.8485798835754395
4.644981384277344
4.644062519073486
4.869559288024902
4.734113693237305
4.716902256011963
4.693337917327881
4.8696441650390625
4.677867889404297
4.686877727508545
4.671595096588135
4.792744159698486
4.843238830566406
4.828125
4.67833137512207
4.8069071769714355
4.8023200035095215
4.791355133056641
4.736055850982666
4.826077938079834
4.689966678619385
4.738434791564941
4.686722755432129
4.7841267585754395
4.9051618576049805
4.692025184631348
4.691250324249268
4.884289741516113
4.683701992034912
4.728030681610107
4.820123672485352
4.848645210266113
4.719991207122803
4.682053089141846
4.680973529815674
4.912075042724609
4.767001152038574
4.658738613128662
4.794583320617676
4.676389694213867
4.8929443359375
4.737423896789551
4.719278335571289
4.7541069984436035
4.760425090789795
4.687808036804199
4.810495853424072
4.730940341949463
4.865828990936279
4.7856597900390625
4.688224792480469
4.707611560821533
4.816080093383789
4.693731307983398
4.631004333496094
4.862157821655273
4.742016792297363
4.893835544586182
4.884310722351074
4.7394633293151855
4.705198287963867
4.803074836730957
4.7508344650268555
4.622201442718506
4.7708516120910645
4.770890712738037
4.753070831298828
4.697851657867432
4.717440128326416
4.8875956535339355
4.878255367279053
4.724799633026123
4.820472240447998
4.770373821258545
4.819287300109863
4.67569637298584
4.814610004425049
4.844114780426025
4.844424724578857
4.862115859985352
4.798621654510498
4.695423603057861
4.755932807922363
4.842493057250977
4.773563861846924
4.680639266967773
4.616170406341553
4.833227634429932
5.046710968017578
4.78230094909668
4.808999061584473
4.759690284729004
4.766942024230957
4.8738579750061035
4.916850566864014
4.8003339767456055
4.829155445098877
4.703852653503418
4.711387634277344
4.631876468658447
4.751492023468018
4.736013889312744
4.771152019500732
4.829658031463623
4.91868257522583
4.934115409851074
4.876706123352051
4.886254787445068
4.712053298950195
4.6696577072143555
4.795305252075195
4.739527225494385
4.796720504760742
5.070117950439453
4.85043478012085
4.754570484161377
4.825855731964111
4.873217582702637
4.716254234313965
4.854117393493652
4.751869201660156
4.805524826049805
4.939054489135742
4.740743637084961
4.705843448638916
4.85140323638916
4.768413543701172
4.7274017333984375
4.830054759979248
4.735660552978516
4.83074426651001
4.7708635330200195
4.839791774749756
4.714489936828613
4.793034076690674
4.814905166625977
4.668682098388672
4.728259086608887
4.783105850219727
4.865057468414307
4.723852157592773
4.6587300300598145
4.618643283843994
4.6309003829956055
4.762353897094727
4.6846723556518555
4.6344313621521
4.693967819213867
4.775025844573975
4.680768013000488
4.778619289398193
4.755194187164307
4.928659915924072
4.638705253601074
4.820382118225098
4.6636457443237305
4.778893947601318
4.744307041168213
4.72268009185791
4.794486999511719
4.704015254974365
4.672327041625977
4.647618293762207
4.823678493499756
4.69243860244751
4.71771764755249
4.6588826179504395
4.754692077636719
4.5649566650390625
4.6422038078308105
4.91154146194458
4.700432300567627
4.863398551940918
4.640032768249512
4.709108829498291
4.70153284072876
4.8069658279418945
4.806835174560547
4.645300388336182
4.68820858001709
4.744277000427246
4.859423637390137
4.723191261291504
4.729822635650635
4.900107383728027
4.901800155639648
4.698056697845459
4.675818920135498
4.675350189208984
4.804941654205322
4.676515102386475
4.855449199676514
4.790952682495117
4.6961236000061035
4.726431846618652
4.784496784210205
4.8335957527160645
4.8113508224487305
4.795907020568848
4.721177101135254
4.741124629974365
4.6845316886901855
4.695008277893066
4.824399471282959
4.865179061889648
4.844173908233643
4.690500736236572
4.774601936340332
4.756546974182129
4.7492804527282715
4.6863579750061035
4.802934169769287
4.778270721435547
5.064716339111328
4.804931163787842
4.77139949798584
4.826894760131836
4.897422790527344
4.913905143737793
4.805551052093506
4.941277027130127
5.043319225311279
4.866695880889893
4.7644782066345215
4.653777122497559
4.818402290344238
4.774931907653809
5.007613658905029
4.830455780029297
4.751951217651367
4.929488182067871
4.834665775299072
4.838283061981201
4.761581897735596
4.68409538269043
4.626434803009033
4.649499893188477
4.837553977966309
4.720634460449219
4.7304792404174805
4.756506443023682
4.854349136352539
4.715691089630127
4.853551864624023
4.848862648010254
4.927228927612305
4.726290225982666
4.658585548400879
4.7702250480651855
4.713196277618408
4.736694812774658
4.662991523742676
4.709092140197754
4.7511887550354
4.837416172027588
4.702795028686523
4.676575660705566
4.888044357299805
4.6976518630981445
4.790289402008057
4.759693622589111
4.814629077911377
4.762551784515381
4.61826229095459
4.70530366897583
5.0064520835876465
4.739192008972168
4.761043071746826
4.760446071624756
4.790493011474609
4.716550827026367
4.781840801239014
4.765828609466553
4.738471031188965
4.76389217376709
4.757467269897461
4.6756720542907715
4.6661529541015625
4.826858043670654
4.750044822692871
4.955686569213867
4.7757744789123535
4.8224358558654785
4.795135498046875
4.748410701751709
4.759517192840576
4.781520366668701
4.846752643585205
4.646266460418701
4.819179058074951
4.72727108001709
4.809247970581055
4.760255813598633
4.73815393447876
4.6850266456604
4.80687141418457
4.782222270965576
4.664807319641113
4.8373613357543945
4.860492706298828
4.667421340942383
4.71296501159668
4.763638973236084
4.713901042938232
4.626389026641846
4.746228218078613
4.77236270904541
4.613423824310303
4.697127342224121
4.739429473876953
4.7891669273376465
4.540716648101807
4.7136969566345215
4.81712007522583
4.8192853927612305
4.828978061676025
4.8169755935668945
4.677889347076416
4.802077770233154
4.803959846496582
4.757347106933594
4.7725138664245605
4.757331848144531
4.664783000946045
4.732230186462402
4.8159098625183105
4.647094249725342
4.695608615875244
4.655564785003662
4.639200210571289
4.783568382263184
4.970767021179199
4.813038349151611
4.821564197540283
4.753300666809082
4.643113613128662
4.7097859382629395
4.735464572906494
4.782538414001465
4.68174934387207
4.5883073806762695
4.980500221252441
4.6868510246276855
4.625154495239258
4.887395858764648
4.747590065002441
4.689533233642578
4.885194778442383
4.798707962036133
4.799318313598633
4.701597690582275
4.780787944793701
4.65236234664917
4.719128608703613
4.7180705070495605
4.738552570343018
4.691304683685303
4.638585567474365
4.6183366775512695
4.7459187507629395
4.663990020751953
4.640648365020752
4.786763668060303
4.815439224243164
4.657463550567627
4.684413433074951
4.819788932800293
4.829643726348877
4.744690418243408
4.628229141235352
4.657596111297607
4.638957977294922
4.691627025604248
5.168025970458984
4.640595436096191
4.751958847045898
4.783352851867676
4.842647552490234
4.791563987731934
4.6405134201049805
4.757818222045898
4.83331298828125
4.760504245758057
4.752718448638916
4.721090793609619
4.6261820793151855
4.766435623168945
4.866737365722656
4.82080078125
4.711729526519775
4.698998928070068
4.805102825164795
4.739786148071289
4.737669944763184
4.770909786224365
4.548430919647217
4.744690418243408
4.673191070556641
4.659246921539307
4.677735328674316
4.672673225402832
4.634139060974121
4.746336460113525
4.877937316894531
4.686183929443359
4.813817977905273
4.870269775390625
4.795173645019531
4.822641849517822
4.73039436340332
4.713052272796631
4.7159104347229
4.681680679321289
4.636444091796875
4.68313455581665
4.775020599365234
4.985118389129639
4.731542110443115
4.684836387634277
4.922855854034424
4.761001110076904
4.7211127281188965
4.733673095703125
4.684903621673584
4.725739002227783
4.995069980621338
4.799478530883789
4.7827534675598145
4.853121757507324
4.8415446281433105
4.684602737426758
4.702066421508789
4.750917434692383
4.796667575836182
4.8598785400390625
4.651052951812744
4.666445255279541
4.706071376800537
4.699629783630371
4.731550216674805
4.626519680023193
4.848900318145752
4.818692684173584
4.67603874206543
4.8243913650512695
4.83030366897583
4.714194297790527
4.776347637176514
4.5976996421813965
4.771620750427246
4.653855800628662
4.673661231994629
4.746459007263184
4.7360148429870605
4.8048858642578125
4.968755722045898
4.756161212921143
4.661401748657227
4.832189559936523
4.684201717376709
4.692989826202393
4.881638526916504
4.715782642364502
4.750372409820557
4.734504699707031
4.792840480804443
4.68071174621582
4.680473327636719
4.847018241882324
4.753304481506348
4.79171895980835
4.656695365905762
4.747706413269043
4.903310298919678
4.774123668670654
4.767531871795654
4.636314868927002
4.5618414878845215
4.817739009857178
4.640084266662598
4.7454729080200195
4.873919486999512
4.85692024230957
4.795313358306885
4.678365707397461
4.8474273681640625
4.773289203643799
4.725407123565674
4.793832302093506
4.753778457641602
4.785030364990234
4.802879810333252
4.696077346801758
4.616062641143799
4.682389259338379
4.7153191566467285
4.8082594871521
4.6900763511657715
4.830721378326416
4.755364418029785
4.713047981262207
4.616049766540527
4.79243278503418
4.737433433532715
4.787418842315674
4.807241439819336
4.643664836883545
4.671013832092285
4.771891117095947
4.7569451332092285
4.911632061004639
4.581092357635498
4.692327976226807
4.643248558044434
4.790133476257324
4.69775915145874
4.74683952331543
4.807258605957031
4.8523054122924805
4.604985237121582
4.799622058868408
4.758793354034424
4.696347713470459
4.844574451446533
4.676580429077148
4.749258518218994
4.745438098907471
4.715850830078125
4.745075702667236
4.8687567710876465
4.740708351135254
4.8393635749816895
4.700256824493408
4.712830543518066
4.7633795738220215
4.6991167068481445
4.713104724884033
4.74704647064209
4.951986312866211
4.784416675567627
4.887277126312256
4.615451335906982
4.784619331359863
4.719203472137451
4.688296794891357
4.809782028198242
4.729669570922852
4.712021350860596
4.674195289611816
4.836634159088135
4.739704132080078
4.622371673583984
4.793388843536377
4.782993793487549
4.715259552001953
4.740850448608398
4.7951340675354
4.679211616516113
4.700372219085693
4.835101127624512
4.7449798583984375
4.879767894744873
4.792098045349121
4.843029499053955
4.698718070983887
4.705076217651367
4.6792755126953125
4.760865211486816
4.733332633972168
4.776649475097656
4.805055141448975
4.597614765167236
4.743171691894531
4.778714179992676
4.747293949127197
4.779575824737549
4.681972503662109
4.684264183044434
4.674919605255127
4.721961498260498
4.719999313354492
4.772294521331787
4.625919818878174
4.559580326080322
4.685079574584961
4.69489049911499
4.651861667633057
4.685304641723633
4.6505842208862305
4.693869113922119
4.710674285888672
4.61276912689209
4.690982818603516
4.78846549987793
4.897454738616943
4.815682888031006
4.653038024902344
4.854944229125977
4.742491722106934
4.814346790313721
4.714519500732422
4.677807807922363
4.8089470863342285
4.8621954917907715
4.889204502105713
4.711887359619141
4.661324977874756
4.817875862121582
4.784811973571777
4.809000492095947
4.638276100158691
4.751777172088623
4.7170634269714355
4.664985179901123
4.638070106506348
4.790336608886719
4.67012882232666
4.737534999847412
4.789607048034668
4.789535045623779
4.637091159820557
4.691197395324707
4.66314697265625
4.766192436218262
4.632391452789307
4.872621536254883
4.684078216552734
4.575894355773926
4.97047758102417
4.9158854484558105
4.86630916595459
4.690421104431152
4.802063941955566
4.81400728225708
4.939204216003418
4.841296672821045
4.679484844207764
4.799572467803955
5.067694664001465
4.663692474365234
4.594549179077148
4.837156772613525
4.628083229064941
4.785706996917725
4.855968475341797
4.830619812011719
4.8654961585998535
4.710445880889893
4.7791666984558105
4.671869277954102
4.737605094909668
4.700601100921631
4.652872562408447
4.680568218231201
4.585626602172852
4.788907051086426
4.904240131378174
4.713074207305908
4.78719425201416
4.740081787109375
4.733534336090088
4.659489631652832
4.771811485290527
4.687533855438232
4.668746471405029
4.64140510559082
4.737117290496826
4.728011131286621
4.625662326812744
4.731128692626953
4.704634666442871
4.743961811065674
4.851513862609863
4.703131675720215
4.701735496520996
4.61835241317749
4.832864284515381
4.681405544281006
4.745303630828857
4.661853790283203
4.831349849700928
4.788325309753418
4.649888038635254
4.668274879455566
4.681370735168457
4.786107540130615
4.7931365966796875
4.747646331787109
4.740652561187744
4.809149742126465
4.822850227355957
4.683453559875488
4.68771505355835
4.649420261383057
4.843662738800049
4.761954307556152
4.789916515350342
4.771498680114746
4.64728307723999
4.663866996765137
4.692752361297607
4.627073287963867
4.682169437408447
4.821595191955566
4.697232723236084
4.699147701263428
4.914392948150635
4.64847469329834
4.735175132751465
4.791062355041504
4.79420804977417
4.660863876342773
4.678102016448975
4.562917709350586
4.663743019104004
4.772906303405762
5.155938148498535
4.778414726257324
4.81985330581665
4.927508354187012
4.862270355224609
4.791392803192139
4.6961188316345215
4.861940383911133
4.646770000457764
4.913150310516357
4.781848907470703
4.8117780685424805
4.741863250732422
4.79897928237915
4.735204219818115
4.737324237823486
4.741962432861328
4.709084510803223
4.799350261688232
4.6390886306762695
4.781073570251465
4.898315906524658
4.793535232543945
4.765550136566162
4.665796279907227
4.53010892868042
4.7638773918151855
4.536160469055176
4.783420562744141
4.647427082061768
4.7150983810424805
4.612027645111084
4.70469856262207
4.598330497741699
4.552956581115723
4.562875747680664
4.66610050201416
4.715081214904785
4.682902812957764
4.821503162384033
4.812976837158203
4.784104347229004
4.6932477951049805
4.7189836502075195
4.748262882232666
4.7398457527160645
4.832365036010742
4.798281669616699
4.661698341369629
4.78882360458374
4.807200908660889
4.637423992156982
4.646820545196533
4.811221122741699
4.748787879943848
4.692056655883789
4.699069499969482
4.771704196929932
4.629433631896973
4.819420337677002
4.719448566436768
4.941761016845703
4.642963886260986
4.68672513961792
4.820323467254639
4.628861904144287
4.6995954513549805
4.724219799041748
4.730986595153809
4.889005184173584
4.5908589363098145
4.777242660522461
4.735846042633057
4.82576322555542
4.774420738220215
4.652766704559326
4.727689266204834
4.665328025817871
4.689218521118164
4.693052291870117
4.5872273445129395
4.712804794311523
4.766922950744629
4.727095127105713
4.735042572021484
4.752250671386719
4.759892463684082
4.766571521759033
4.715023040771484
4.765100955963135
4.752170085906982
4.727835178375244
4.694390773773193
4.842649459838867
4.5866169929504395
4.606855869293213
4.736414432525635
4.826707363128662
4.730137348175049
4.626837730407715
4.66770601272583
4.615023136138916
4.790703773498535
4.665493965148926
4.644891262054443
4.657562255859375
4.599676132202148
4.749882698059082
4.787722110748291
4.6524152755737305
4.6504998207092285
4.642086029052734
4.735756874084473
4.717996120452881
4.6392011642456055
4.519311904907227
4.710108280181885
4.607480525970459
4.793680191040039
4.634866237640381
4.819679260253906
4.735029220581055
4.641201496124268
4.619443893432617
4.664283752441406
4.576591968536377
4.834378719329834
4.771844863891602
4.601669788360596
4.71274471282959
4.66630220413208
4.621155261993408
4.795567989349365
4.5720906257629395
4.579653263092041
4.686368465423584
4.783326148986816
4.692813396453857
4.651491165161133
4.809446334838867
4.691046714782715
4.86361837387085
4.859375476837158
4.852901458740234
4.684344291687012
4.816204071044922
4.7291436195373535
4.799556255340576
4.674619197845459
4.795828819274902
4.609253883361816
4.676365375518799
4.71229362487793
4.64841365814209
4.800353527069092
4.613282680511475
4.700592994689941
4.683515548706055
4.735895156860352
4.664281845092773
5.095268249511719
4.674601078033447
4.7401604652404785
4.782376766204834
4.723060131072998
4.858176231384277
4.816090106964111
4.635529518127441
4.803092956542969
4.8833794593811035
4.75051736831665
4.599554538726807
4.610057353973389
4.849727153778076
4.788836479187012
4.7692999839782715
4.7138895988464355
4.737389087677002
4.727583885192871
4.791294097900391
4.713868141174316
4.719301223754883
4.779113292694092
4.766273021697998
4.663407325744629
4.7302327156066895
4.802260398864746
4.763391494750977
4.767214775085449
4.73178768157959
4.681093215942383
4.686275005340576
4.798795700073242
4.7970123291015625
4.777154922485352
4.772337436676025
4.753282070159912
4.61483097076416
4.671891212463379
4.812326431274414
4.586551189422607
4.721973896026611
4.70090389251709
4.642793655395508
4.834582805633545
4.751923561096191
4.626922607421875
4.873321056365967
4.684082984924316
4.640919208526611
4.661672592163086
4.731129169464111
4.8104119300842285
4.738824844360352
4.819883823394775
4.746542930603027
4.769322872161865
4.7613091468811035
4.587183475494385
4.752700328826904
4.648657321929932
4.711125373840332
4.788963794708252
4.60263204574585
4.819786071777344
4.545521259307861
4.781245708465576
4.771708965301514
4.810658931732178
4.817121982574463
4.749263763427734
4.704479217529297
4.6587371826171875
4.745115280151367
4.673477649688721
4.753474235534668
4.69304895401001
4.612751483917236
4.806434631347656
4.620923042297363
4.771996021270752
4.584384441375732
4.825954437255859
4.84268856048584
4.671566963195801
4.652291774749756
4.751073837280273
4.727066993713379
4.761441707611084
4.636889457702637
4.616884231567383
4.656622886657715
4.657680511474609
4.776700019836426
4.64226770401001
4.602670192718506
4.721260070800781
4.783754825592041
4.8628129959106445
4.76491117477417
4.658843994140625
4.62204122543335
4.709989547729492
4.791449069976807
4.690150737762451
4.689770221710205
4.773128986358643
4.758115291595459
4.719898223876953
4.763330459594727
4.843277454376221
4.662908554077148
4.612302303314209
4.641617298126221
4.86039924621582
4.823942184448242
4.632436275482178
4.656619548797607
4.659017086029053
4.736992359161377
4.668427467346191
4.588261127471924
4.777353763580322
4.556556701660156
4.5965423583984375
4.7806010246276855
4.6295952796936035
4.780421733856201
4.7737274169921875
4.750423908233643
4.666786193847656
4.717416763305664
4.6982035636901855
4.76193380355835
4.815479755401611
4.706328868865967
4.728495121002197
4.683091640472412
4.757336616516113
4.653932571411133
4.696231365203857
4.654263019561768
4.731063365936279
4.741125106811523
4.5032057762146
4.653345108032227
4.691433906555176
4.7267680168151855
4.6171088218688965
4.674620151519775
4.5809221267700195
4.729822158813477
4.770547389984131
4.703566074371338
4.707431793212891
4.792471408843994
4.687146186828613
4.828568935394287
4.749142646789551
4.781548976898193
4.74532413482666
4.5826215744018555
4.682079792022705
4.7129082679748535
4.8892107009887695
4.580055236816406
4.861878871917725
4.77394437789917
4.7420525550842285
4.797572135925293
4.775838375091553
4.758717060089111
4.716825008392334
4.641304016113281
4.8060760498046875
4.638138294219971
4.712868690490723
4.713912010192871
4.632341384887695
4.646570205688477
4.592273235321045
4.6513447761535645
4.821402072906494
4.674997806549072
4.748301982879639
4.711918830871582
4.629311561584473
4.775772571563721
4.590845584869385
4.804434776306152
4.827822685241699
4.763948917388916
4.681802272796631
4.672432899475098
4.693346977233887
4.74180269241333
4.693336486816406
4.6589035987854
4.897480487823486
4.777523517608643
4.825888633728027
4.608048915863037
4.731316089630127
4.826905727386475
4.521307945251465
4.761102676391602
4.759191036224365
4.796866416931152
4.663974761962891
4.82679557800293
4.734541416168213
4.712542533874512
4.698829174041748
4.640330791473389
4.589592456817627
4.640189170837402
4.580454349517822
4.719884872436523
4.760934352874756
4.713923931121826
4.597965717315674
4.648062705993652
4.711360454559326
4.694398880004883
4.635228633880615
4.781832218170166
4.684442043304443
4.750710487365723
4.766481399536133
4.755234241485596
4.696456432342529
4.706843852996826
4.688729286193848
4.775294780731201
4.664818286895752
4.655777931213379
4.650818824768066
4.728830814361572
4.779063701629639
4.7230048179626465
4.765442848205566
4.799807071685791
4.787476062774658
4.662227630615234
4.615234851837158
4.617825508117676
4.6119561195373535
4.755240440368652
4.621778964996338
4.770454406738281
4.7055983543396
4.77085542678833
4.617129325866699
4.590883255004883
4.820501327514648
4.733071804046631
4.732115268707275
4.651065826416016
4.657105922698975
4.709859848022461
4.861398220062256
4.674615859985352
4.764673709869385
4.556857585906982
4.645320415496826
4.8167724609375
4.686619281768799
4.675275802612305
4.723421573638916
4.688169479370117
4.716584205627441
4.796185493469238
4.6500372886657715
4.667071342468262
4.658681392669678
4.785472869873047
4.6336588859558105
4.75570011138916
4.589629173278809
4.735885143280029
4.779550075531006
4.768965721130371
4.781912326812744
4.549876689910889
4.732349872589111
4.5576605796813965
4.5948638916015625
4.673613548278809
4.761169910430908
4.691105365753174
4.733275413513184
4.640203952789307
4.610343933105469
4.689675331115723
4.568416595458984
4.908844470977783
4.601269721984863
4.746038436889648
4.712664604187012
4.909547328948975
4.778097629547119
4.718547821044922
4.686863899230957
4.786447048187256
4.777518272399902
4.627959251403809
4.83760929107666
4.677393436431885
4.656034469604492
4.670208930969238
4.714080810546875
4.719987392425537
4.861641883850098
4.556134223937988
4.514523983001709
4.629819869995117
4.827277183532715
4.880942344665527
4.5923004150390625
4.599717140197754
4.585343837738037
4.748401641845703
4.656988620758057
4.6600728034973145
4.701446056365967
4.716434001922607
4.739619255065918
4.731873035430908
4.590040683746338
4.682436943054199
4.784307956695557
4.73163366317749
4.758866310119629
4.662147045135498
4.705745220184326
4.6548542976379395
4.669585227966309
4.770530700683594
4.822840213775635
4.784425258636475
4.650222301483154
4.923584938049316
4.660611152648926
4.856305122375488
4.762375831604004
4.660083293914795
4.77134370803833
4.813407897949219
4.888430118560791
4.592164993286133
4.75331449508667
4.669188976287842
4.627863883972168
4.673573017120361
4.767661094665527
4.74069356918335
4.6512651443481445
4.733712673187256
4.596835136413574
4.715559005737305
4.7308735847473145
4.630603313446045
4.744292259216309
4.665546417236328
4.722277641296387
4.808406352996826
4.6035685539245605
4.627098560333252
4.74705696105957
4.819075107574463
4.6117730140686035
4.767932415008545
4.811276435852051
4.707849502563477
4.695136070251465
4.670655727386475
4.701549053192139
4.754453659057617
4.822382926940918
4.6176347732543945
4.665088653564453
4.595498085021973
4.7670488357543945
4.637811183929443
4.713833332061768
4.696512222290039
4.718197822570801
4.663216590881348
4.80256986618042
4.771244049072266
4.62166166305542
4.826940536499023
4.790807723999023
4.632296085357666
4.7187652587890625
4.697562217712402
4.633330345153809
4.581116676330566
4.865131378173828
4.851318359375
4.769759654998779
4.762960433959961
4.677018642425537
4.761500835418701
4.760737895965576
4.70840311050415
4.85108757019043
4.79436731338501
4.8762335777282715
4.655975818634033
4.645460605621338
4.659593105316162
4.668066024780273
4.679568767547607
4.644413948059082
4.637313365936279
4.826221466064453
4.660437107086182
4.672019958496094
4.621525764465332
4.664150714874268
4.9677629470825195
4.783973217010498
4.849431991577148
4.741336345672607
4.753327369689941
4.840920448303223
4.698282718658447
4.692213535308838
4.7931132316589355
4.676053524017334
4.86876916885376
4.795405387878418
4.772821426391602
4.671065807342529
4.702151775360107
4.852177619934082
4.833584785461426
4.793917655944824
4.864623546600342
4.748273849487305
4.601304054260254
4.605858325958252
4.750927925109863
4.776656150817871
4.7266645431518555
4.648736953735352
4.665900707244873
4.7082624435424805
4.7887444496154785
4.668045520782471
4.630594253540039
4.541049480438232
4.801197052001953
4.545369625091553
4.775004863739014
4.762811183929443
4.7204084396362305
4.68804407119751
4.765079021453857
4.747703552246094
4.839810371398926
4.942892551422119
4.747394561767578
4.663753509521484
4.804373264312744
4.809016227722168
4.799579620361328
4.673063278198242
4.694039821624756
4.750880718231201
4.643467903137207
4.741672515869141
4.6705241203308105
4.692859649658203
4.793211460113525
4.747735500335693
4.8062238693237305
4.508421421051025
4.721126079559326
4.541520118713379
4.793161869049072
4.593151092529297
4.529046058654785
4.5776262283325195
4.7456769943237305
4.7242560386657715
4.653205394744873
4.730837345123291
4.708498001098633
4.576521396636963
4.50915002822876
4.59610652923584
4.779214382171631
4.675820827484131
4.637481689453125
4.607271671295166
4.6843132972717285
4.702449798583984
4.676672458648682
4.579527378082275
4.802628040313721
4.695545196533203
4.686150074005127
4.591407299041748
4.8818135261535645
4.719060897827148
4.760322093963623
4.629075527191162
4.7285895347595215
4.714444160461426
4.6623334884643555
4.814497947692871
4.677675724029541
4.7283101081848145
4.617236137390137
4.763906478881836
4.600765228271484
4.599842548370361
4.556898593902588
4.784979343414307
4.647811412811279
4.600775718688965
4.727329254150391
4.669527053833008
4.75497579574585
4.604604244232178
4.701312065124512
4.756958961486816
4.784059524536133
4.7713823318481445
4.718657493591309
4.718721866607666
4.796524524688721
4.7548089027404785
4.570278644561768
4.548953533172607
4.795496463775635
4.788665771484375
4.675287246704102
4.629122734069824
4.576639652252197
4.728516101837158
4.68769645690918
4.7435173988342285
4.632134437561035
4.7488298416137695
4.628029823303223
4.67575740814209
4.752599239349365
4.654030799865723
4.726958751678467
4.704949855804443
4.587482929229736
4.631754398345947
4.710331439971924
4.721397876739502
4.967105865478516
4.738361358642578
4.803037166595459
4.850753307342529
4.669680118560791
4.6803083419799805
4.576574802398682
4.754580020904541
4.661985397338867
4.663229465484619
4.636728763580322
4.7163190841674805
4.720505237579346
4.639634132385254
4.715300559997559
4.630406856536865
4.749774932861328
4.780291557312012
4.72260856628418
4.775806427001953
4.652827262878418
4.6041364669799805
4.667117595672607
4.781452655792236
4.709564208984375
4.691294193267822
4.693602085113525
4.58345890045166
4.690274238586426
4.819094181060791
4.7700629234313965
4.690709590911865
4.564809799194336
4.660489559173584
4.5796966552734375
4.5729780197143555
4.591418266296387
4.761265277862549
4.689982891082764
4.7923736572265625
4.582343101501465
4.683880805969238
4.781206130981445
4.555698871612549
4.982360363006592
4.559895992279053
4.7896342277526855
4.706758975982666
4.698378562927246
4.742245197296143
4.69869327545166
4.631363868713379
4.6630859375
4.5512566566467285
4.789764404296875
4.699258327484131
4.882441520690918
4.598272323608398
4.634192943572998
4.650132656097412
4.62909460067749
4.726545810699463
4.744544982910156
4.570305824279785
4.702385425567627
4.823964595794678
4.745758533477783
4.639926433563232
4.6994733810424805
4.73065710067749
4.560983180999756
4.79457950592041
4.7734055519104
4.798898220062256
4.613802433013916
4.594640731811523
4.834083557128906
4.850090026855469
4.720667362213135
4.727595806121826
4.738011360168457
4.7206130027771
4.730348587036133
4.5778913497924805
4.735019683837891
4.727301597595215
4.75208854675293
4.651193618774414
4.618383407592773
4.611361026763916
4.631664752960205
4.684689998626709
4.850242614746094
4.6673054695129395
4.570789813995361
4.574349880218506
4.671602249145508
4.693688869476318
4.662766456604004
4.8993377685546875
4.848598480224609
4.673586368560791
4.594021320343018
4.767102241516113
4.5767669677734375
4.622671127319336
4.6360321044921875
4.635008335113525
4.690885066986084
4.566948890686035
4.806645393371582
4.765120506286621
4.7352070808410645
4.781646728515625
4.7318644523620605
4.585116863250732
4.782902717590332
4.747862339019775
4.67637300491333
4.637886047363281
4.653679847717285
4.662004470825195
4.777979850769043
4.805672645568848
4.696846961975098
4.726092338562012
4.515746116638184
4.704493045806885
4.670368671417236
4.654714107513428
4.744694232940674
4.739978313446045
4.759285926818848
4.680502414703369
4.618310451507568
4.698283672332764
4.7411370277404785
4.5767741203308105
4.811873912811279
4.687720775604248
4.740899085998535
4.704187393188477
4.615537166595459
4.68968391418457
4.677700519561768
4.751068115234375
4.820467472076416
4.722137451171875
4.673077583312988
4.730880260467529
4.692437648773193
4.6241536140441895
4.733673572540283
4.812378406524658
4.59340238571167
4.68525505065918
4.62146520614624
4.7567338943481445
4.9929399490356445
4.611774921417236
4.696415424346924
4.713773250579834
4.841708183288574
4.6445112228393555
4.678983211517334
4.701493740081787
4.664297103881836
4.8445892333984375
4.677237033843994
4.773700714111328
4.760353088378906
4.7375969886779785
4.668975353240967
4.783755302429199
4.78476095199585
4.700131416320801
4.752950191497803
4.895464897155762
4.796746730804443
4.717557907104492
4.627495765686035
4.6725382804870605
4.651395320892334
4.765809535980225
4.773760795593262
4.69769811630249
4.822697639465332
4.7956342697143555
4.583837509155273
4.808282375335693
4.597165107727051
4.594394683837891
4.624999523162842
4.746294021606445
4.638731002807617
4.712892532348633
4.615854263305664
4.587128639221191
4.650699138641357
4.610353946685791
4.624091148376465
4.734909534454346
4.717144966125488
4.580493927001953
4.654123306274414
4.541693210601807
4.658489227294922
4.595219612121582
4.639017581939697
4.732223987579346
4.7215962409973145
4.7824530601501465
4.59728479385376
4.773741722106934
4.729230880737305
4.604445934295654
4.71099328994751
4.698174476623535
4.741978645324707
4.637266635894775
4.603823661804199
4.7344746589660645
4.53676700592041
4.597858905792236
4.735476493835449
4.754178524017334
4.693480968475342
4.719481945037842
4.669851779937744
4.566020488739014
4.614367961883545
4.84079122543335
4.520505428314209
4.626399517059326
4.715320587158203
4.565608024597168
4.826919078826904
4.577426433563232
4.552342414855957
4.594425201416016
4.762127876281738
4.733057975769043
4.696257591247559
4.691075801849365
4.6284966468811035
4.559088706970215
4.738386154174805
4.656670093536377
4.7218756675720215
4.637655735015869
4.825554847717285
4.654786586761475
4.621886730194092
4.825753211975098
4.681773662567139
4.6917033195495605
4.825988292694092
4.64838981628418
4.490548133850098
4.638758182525635
5.06397819519043
4.622179985046387
4.843566417694092
4.877706050872803
4.774532794952393
4.725151062011719
4.737226486206055
4.769117832183838
4.567830562591553
5.035099029541016
4.656247615814209
4.9414381980896
4.794856071472168
4.768148422241211
4.617831707000732
4.763053894042969
4.813747406005859
4.789921283721924
4.849724292755127
4.621400833129883
4.741899013519287
4.781517028808594
4.688263416290283
4.762601375579834
4.681116580963135
4.674297332763672
4.83871603012085
4.7497029304504395
4.64755916595459
4.7902679443359375
4.638195037841797
4.607743263244629
4.539012908935547
4.726944446563721
4.768346786499023
4.906527996063232
4.665414333343506
4.721019744873047
4.792186737060547
4.788504600524902
4.740581035614014
4.725435733795166
4.624386310577393
4.718882083892822
4.647708892822266
4.559010028839111
4.763335227966309
4.577470779418945
4.658627510070801
4.613489151000977
4.8246846199035645
4.585638046264648
4.748662948608398
4.927323818206787
4.679319381713867
4.636135101318359
4.721362113952637
4.533027172088623
4.554088592529297
4.614994525909424
4.700613975524902
4.50825834274292
4.653652667999268
4.817473888397217
4.739374160766602
4.642724514007568
4.761044025421143
4.713987827301025
4.7452192306518555
4.583128929138184
4.794455528259277
4.704316139221191
4.604473114013672
4.775723934173584
4.665158271789551
4.701094627380371
4.719547748565674
4.6705145835876465
4.659694194793701
4.611413955688477
4.6321492195129395
4.612784385681152
4.670914173126221
4.734580039978027
4.61161994934082
4.7820940017700195
4.780767440795898
4.706560134887695
4.714548110961914
4.8303375244140625
4.742948532104492
4.679464817047119
4.819870471954346
4.604564666748047
4.550683498382568
4.6286845207214355
4.727769374847412
4.721132755279541
4.654254913330078
4.611546516418457
4.703152656555176
4.681971549987793
4.620895862579346
4.673501014709473
4.662165641784668
4.561685085296631
4.788565158843994
4.671127796173096
4.628430366516113
4.717777729034424
4.644572734832764
4.822933673858643
4.647742748260498
4.689074516296387
4.668848991394043
4.710618019104004
4.680963039398193
4.5713582038879395
4.557138442993164
4.755080223083496
4.569256782531738
4.490469455718994
4.725060939788818
4.8635382652282715
4.556354999542236
4.727034568786621
4.761587619781494
4.684021949768066
4.611056327819824
4.750757694244385
4.638951778411865
4.59419584274292
4.736516952514648
4.712602615356445
4.687012672424316
4.5551347732543945
4.576781749725342
4.6927642822265625
4.604742050170898
4.7066144943237305
4.582101821899414
4.701388835906982
4.695006370544434
4.72892427444458
4.740340709686279
4.672662258148193
4.599402904510498
4.633845329284668
4.7531561851501465
4.7038254737854
4.586739540100098
4.768794059753418
4.561460494995117
4.592567443847656
4.6249823570251465
4.673610210418701
4.735833644866943
4.6449408531188965
4.678587436676025
4.681122779846191
4.632567405700684
4.6976141929626465
4.825418949127197
4.582836151123047
4.76756477355957
4.677812576293945
4.713489055633545
4.556391716003418
4.767295837402344
4.774947166442871
4.623221397399902
4.819464206695557
4.660634994506836
4.762547969818115
4.792876720428467
4.726991653442383
4.719398021697998
4.653388023376465
4.632555961608887
4.561906337738037
4.887147903442383
4.758576393127441
4.728690147399902
4.813294887542725
4.682056427001953
4.779983043670654
4.650123596191406
4.675169944763184
4.586892127990723
4.775691032409668
4.532802104949951
4.7771477699279785
4.722202301025391
4.852777481079102
4.757338047027588
4.831979274749756
4.865278244018555
4.76800012588501
4.934932708740234
4.5780534744262695
4.619751930236816
4.789673805236816
5.157732009887695
4.610597133636475
4.787959575653076
4.731032848358154
4.787531852722168
4.6728105545043945
4.793358325958252
4.777254581451416
4.665038585662842
4.60028076171875
4.826115131378174
4.703567981719971
4.751296520233154
4.69609260559082
4.648796081542969
4.502665042877197
4.705003261566162
4.644416809082031
4.579828262329102
4.689821720123291
4.65667200088501
4.742393970489502
4.739912986755371
4.773477077484131
4.61733865737915
4.561444282531738
4.629733562469482
4.706892013549805
4.703042507171631
4.678624153137207
4.809903144836426
4.626522541046143
4.641205310821533
4.561238765716553
4.743438243865967
4.737898826599121
4.628719806671143
4.728602409362793
4.675513744354248
4.622319221496582
4.714818954467773
4.752221584320068
4.677863597869873
4.582655429840088
4.538790225982666
4.787642955780029
4.757094860076904
4.670101165771484
4.758098602294922
4.746270179748535
4.803502082824707
4.692763805389404
4.771569728851318
4.666628360748291
4.609283924102783
4.732725143432617
4.6407341957092285
4.565441131591797
4.613183975219727
4.61103630065918
4.769477367401123
4.549585819244385
4.561789035797119
4.682398319244385
4.738832950592041
4.734559535980225
4.544126033782959
4.677978515625
4.878726482391357
4.5959367752075195
4.771496295928955
4.731259346008301
4.773497581481934
4.7074480056762695
4.671510219573975
4.569218158721924
4.8027663230896
4.542863368988037
4.819815158843994
4.769474506378174
4.691236972808838
4.5850090980529785
4.665400505065918
4.877624034881592
4.602504253387451
4.622433662414551
4.659487247467041
4.57595157623291
4.570507049560547
4.5791850090026855
4.5554280281066895
4.781137943267822
4.585932731628418
4.66839075088501
4.691009521484375
4.728368282318115
4.620850086212158
4.610321998596191
4.691372394561768
4.702792644500732
4.780179023742676
4.7648749351501465
4.685473442077637
4.729091167449951
4.824914455413818
4.800781726837158
4.666126728057861
4.591930866241455
4.5635666847229
4.778713703155518
4.825826644897461
4.701025485992432
4.649617671966553
4.706721782684326
4.734713077545166
4.693238258361816
4.656997203826904
4.719164848327637
4.688817024230957
4.642316818237305
4.7269110679626465
4.815113544464111
4.649842739105225
4.612484455108643
4.730378150939941
4.6476545333862305
4.7211833000183105
4.702134132385254
4.633073329925537
4.6195220947265625
4.75576114654541
4.603271961212158
4.767458915710449
4.8052520751953125
4.717226982116699
4.6200432777404785
4.583488941192627
4.579662322998047
4.523179531097412
4.594297409057617
4.708165645599365
4.578709125518799
4.745389461517334
4.629066467285156
4.675586700439453
4.705591201782227
4.712870121002197
4.715681552886963
4.678353309631348
4.513382911682129
4.782830238342285
4.58856725692749
4.765298843383789
4.570573329925537
4.617002964019775
4.659060001373291
4.866910457611084
4.6698102951049805
4.735138893127441
4.681256294250488
4.770087718963623
4.547635555267334
4.734780788421631
4.704426288604736
4.4957709312438965
4.776422023773193
4.733286380767822
4.781091213226318
4.661135673522949
4.640000820159912
4.790356159210205
4.848623275756836
4.496621131896973
4.5800347328186035
4.806622505187988
4.793520927429199
4.611184120178223
4.627196311950684
4.731585502624512
4.75095272064209
4.479687690734863
4.769538879394531
4.797395706176758
4.785501003265381
4.820691108703613
4.750302314758301
4.624109268188477
4.738911151885986
4.698529243469238
4.6747517585754395
4.758244514465332
4.737972736358643
4.640610218048096
4.56322717666626
4.6315717697143555
4.648494720458984
4.738480091094971
4.730649471282959
4.818974494934082
4.7225341796875
4.674567699432373
4.540317535400391
4.868434906005859
4.592617034912109
4.668483734130859
4.745241165161133
4.667785167694092
4.577134609222412
4.737137317657471
4.657942295074463
4.702965259552002
4.688073635101318
4.714358329772949
4.632296085357666
4.766150951385498
4.594685077667236
4.743098258972168
4.696969509124756
4.823668003082275
4.740663051605225
4.791731357574463
4.600844860076904
4.686354160308838
4.619292736053467
4.668951034545898
4.765932083129883
4.602532386779785
4.84919548034668
4.6783223152160645
4.706742286682129
4.7402520179748535
4.620262145996094
4.689040184020996
4.6954779624938965
4.690313339233398
4.713512420654297
4.740704536437988
4.845372200012207
4.636963367462158
4.633306980133057
4.56474494934082
4.652174472808838
4.639794826507568
4.565604209899902
4.56884765625
4.763519763946533
4.9001030921936035
4.555567741394043
4.824442386627197
4.684658527374268
4.634407043457031
4.666112422943115
4.7086896896362305
4.733768463134766
4.737192630767822
4.718389987945557
4.617618560791016
4.546703338623047
4.603954792022705
4.5597734451293945
4.688205718994141
4.637259006500244
4.717576026916504
4.566028118133545
5.007277011871338
4.6071577072143555
4.690248966217041
4.758672714233398
4.740547180175781
4.717038154602051
4.697353363037109
4.775338649749756
4.548686981201172
4.793483257293701
4.701231479644775
4.675616264343262
4.6863203048706055
4.706382751464844
4.650967597961426
4.711515426635742
4.678361415863037
4.6150689125061035
4.674384117126465
4.773428916931152
4.763130187988281
4.61203145980835
4.615321159362793
4.661838054656982
4.757740497589111
4.7045793533325195
4.5507636070251465
4.590463638305664
4.610836029052734
4.663168430328369
4.713881492614746
4.767971992492676
4.629429340362549
4.625732421875
4.746668338775635
4.646687030792236
4.7140374183654785
4.606971740722656
4.577446460723877
4.629973888397217
4.7120771408081055
4.690471172332764
4.676342010498047
4.735937595367432
4.755595684051514
4.699296474456787
4.48480749130249
4.756217002868652
4.799221515655518
4.476246356964111
4.593870162963867
4.712522029876709
4.581219673156738
4.754105567932129
4.7141499519348145
4.692142963409424
4.722871780395508
4.697772026062012
4.738783359527588
4.672138214111328
4.595828533172607
4.733545780181885
4.802115440368652
4.6846160888671875
4.6214985847473145
4.578714847564697
4.654754161834717
4.549686908721924
4.6829657554626465
4.71529483795166
4.5811967849731445
4.726797580718994
4.546046733856201
4.855309009552002
4.7722907066345215
4.782200336456299
4.69073486328125
4.783222675323486
4.750600337982178
4.807685852050781
4.675474166870117
4.792938232421875
4.632638931274414
4.786946773529053
4.559250831604004
4.68124532699585
4.707456588745117
4.527348518371582
4.700320720672607
4.696446895599365
4.702670574188232
4.706517696380615
4.869366645812988
4.6719069480896
4.636920928955078
4.755245208740234
4.680083751678467
4.632290840148926
4.635295391082764
4.784967422485352
4.718299865722656
4.645443916320801
4.644011974334717
4.755519866943359
4.661304473876953
4.697536945343018
4.63051176071167
4.759867191314697
4.614320278167725
4.765628337860107
4.549612045288086
4.724226474761963
4.510574817657471
4.590274810791016
4.751028537750244
4.542866230010986
4.5568928718566895
4.752120494842529
4.782844543457031
4.632011890411377
4.773437976837158
4.643955230712891
4.811251163482666
4.6046857833862305
4.761336326599121
4.7026166915893555
4.850956439971924
4.75649356842041
4.626460075378418
4.778069019317627
4.625824451446533
4.749133110046387
4.7168731689453125
4.835759162902832
4.675411701202393
4.729108810424805
4.782896995544434
4.728339195251465
4.597909450531006
4.639075756072998
4.62550687789917
4.70711612701416
4.71920108795166
4.610696792602539
4.759546756744385
4.57421875
4.6478800773620605
4.630220890045166
4.908191680908203
4.710465431213379
4.687911033630371
4.658783912658691
4.734556674957275
4.643413543701172
4.638887882232666
4.654479503631592
4.680351257324219
4.636064529418945
4.560861110687256
4.764928340911865
4.732062816619873
4.583053112030029
4.686474800109863
4.6064934730529785
4.725313663482666
4.5985589027404785
4.686364650726318
4.778075218200684
4.55066442489624
4.618945121765137
4.760227680206299
4.744057655334473
4.719547271728516
4.6503095626831055
4.600342273712158
4.580033302307129
4.657897472381592
4.580315589904785
4.632441997528076
4.835348129272461
4.638887882232666
4.696360111236572
4.63391637802124
4.7062506675720215
4.5815110206604
4.624786376953125
4.558117866516113
4.723755359649658
4.685797214508057
4.787505149841309
4.748741149902344
4.597379207611084
4.73173713684082
4.767773628234863
4.678556442260742
4.6204986572265625
4.719597339630127
4.7796244621276855
4.777300834655762
4.718840599060059
4.807807922363281
4.6852898597717285
4.570424556732178
4.723499298095703
4.541034698486328
4.527411937713623
4.667771339416504
4.64382266998291
4.776366233825684
4.654252529144287
4.719954490661621
4.761181354522705
4.6437788009643555
4.885385036468506
4.6428141593933105
4.635406017303467
4.615433692932129
4.777559280395508
5.024425506591797
4.648194789886475
4.533628940582275
4.7322916984558105
4.671158790588379
4.719385623931885
4.705812931060791
4.688648223876953
4.6834564208984375
4.605010509490967
4.733936786651611
4.544999122619629
4.77241325378418
4.780564785003662
4.7845587730407715
4.561519622802734
4.63763427734375
4.7049055099487305
4.74024772644043
4.8043975830078125
4.5768938064575195
4.658751487731934
4.754197120666504
4.6409220695495605
4.671292781829834
4.554319858551025
4.568166732788086
4.813234329223633
4.741517543792725
4.586264610290527
4.5185160636901855
4.550652027130127
4.642371654510498
4.535600185394287
4.564572811126709
4.6821465492248535
4.5781145095825195
4.546453952789307
5.095186233520508
4.714890480041504
4.7774739265441895
4.699755668640137
4.705766201019287
4.681661128997803
4.689449310302734
4.732680320739746
4.622312068939209
4.770972728729248
4.797266960144043
4.678022384643555
4.65631103515625
4.7121148109436035
4.5694122314453125
4.634105205535889
4.665832996368408
4.524168491363525
4.673401355743408
4.553122043609619
4.60406494140625
4.870743274688721
4.737843990325928
4.657805919647217
4.766820907592773
4.91653299331665
4.6589436531066895
4.886551856994629
4.781551361083984
4.771727085113525
4.767490386962891
4.82131290435791
4.728276252746582
4.750843048095703
4.643161773681641
4.804618835449219
4.602016448974609
4.5903000831604
4.648761749267578
4.586811542510986
4.58758544921875
4.696524143218994
4.820357799530029
4.688151836395264
4.563601970672607
4.68316125869751
4.623097896575928
4.776189804077148
4.726598262786865
4.68831729888916
4.596292972564697
4.609778881072998
4.669925689697266
4.709179878234863
4.703811168670654
4.683647155761719
4.736114025115967
4.548285484313965
4.6245646476745605
4.700185775756836
4.703552722930908
4.75916051864624
4.682732105255127
4.782933235168457
4.681334018707275
4.78875732421875
4.728261470794678
4.6604437828063965
4.718721389770508
4.721590518951416
4.792201042175293
4.713793754577637
4.678361892700195
4.725584506988525
4.665586948394775
4.6669697761535645
4.682416915893555
4.676835536956787
4.632384777069092
4.778277397155762
4.52584171295166
4.60710334777832
4.831892967224121
4.557689189910889
4.827406406402588
4.754934787750244
4.775692462921143
4.6755523681640625
4.684751033782959
4.788076400756836
4.717379570007324
4.664465427398682
4.678005218505859
4.720472812652588
4.6846418380737305
4.718170642852783
4.827714443206787
4.771783828735352
4.569064140319824
4.834320545196533
5.023050785064697
4.626545429229736
4.642467975616455
4.65444803237915
4.575032711029053
4.741362571716309
4.606107234954834
4.580427169799805
4.578561305999756
4.67057991027832
4.701889514923096
4.797851085662842
4.665305137634277
4.564607620239258
4.848674297332764
4.720636367797852
4.701026916503906
4.732373237609863
4.699326992034912
4.607813835144043
4.578171253204346
4.60779333114624
4.634965419769287
4.774237632751465
4.818672180175781
4.787052154541016
4.646076679229736
4.770658016204834
4.635510444641113
4.728149890899658
4.632057189941406
4.736548900604248
4.757176399230957
4.715874671936035
4.547652244567871
4.591753959655762
4.545165538787842
4.797009468078613
4.60136079788208
4.5965776443481445
4.586711406707764
4.679687976837158
4.777560234069824
4.633821487426758
4.771173477172852
4.557640075683594
4.7302350997924805
4.582187652587891
4.6728901863098145
4.633695602416992
4.58699893951416
4.7050628662109375
4.696985721588135
4.722846984863281
4.592496395111084
4.607888698577881
4.783428192138672
4.6200666427612305
4.647258281707764
4.691137790679932
4.643998622894287
4.73267936706543
4.850227355957031
4.4646687507629395
4.7183380126953125
4.799990653991699
4.711274147033691
4.538172721862793
4.703003883361816
4.608187675476074
4.563995361328125
4.616344451904297
4.499631404876709
4.587956428527832
4.757986068725586
4.691526412963867
4.630087852478027
4.636322975158691
4.52869987487793
4.560540676116943
4.766471862792969
4.6123151779174805
4.765909671783447
4.5973591804504395
4.5622878074646
4.679261684417725
4.691208839416504
4.915878772735596
4.65772819519043
4.609479904174805
4.757472991943359
4.691803455352783
4.71297025680542
4.764089107513428
4.617348670959473
4.73391580581665
4.782577037811279
4.606497287750244
4.68862771987915
4.639307975769043
4.905280590057373
4.774930477142334
4.72239351272583
4.594085693359375
4.74211311340332
4.464537620544434
4.7679948806762695
4.551548004150391
4.707547664642334
4.606532096862793
4.698909759521484
4.5444536209106445
4.65175724029541
4.560176372528076
4.600160121917725
4.663460731506348
4.651407241821289
4.734507083892822
4.622995376586914
4.643807411193848
4.572883129119873
4.631665229797363
4.686557292938232
4.830323219299316
4.7052388191223145
4.703029155731201
4.638988018035889
4.7519636154174805
4.61448335647583
4.688853740692139
4.538716793060303
4.635839462280273
4.7995100021362305
4.56650447845459
4.720686435699463
4.810634136199951
4.5700154304504395
4.645691871643066
4.551478862762451
4.608240127563477
4.601844787597656
4.860262393951416
4.682638645172119
4.622529983520508
4.589219570159912
4.667486190795898
4.6605143547058105
4.6904520988464355
4.67167854309082
4.6973419189453125
4.718469142913818
4.49900484085083
4.544090747833252
4.765047073364258
4.680970191955566
4.766040802001953
4.551876544952393
4.758816719055176
4.706799030303955
4.645904541015625
4.6113057136535645
4.560908317565918
4.587013244628906
4.561810493469238
4.729155540466309
4.731085777282715
4.544293403625488
4.680056095123291
4.548038959503174
4.703686237335205
4.7140607833862305
4.563082218170166
4.691944599151611
4.529489040374756
4.704448223114014
4.669901371002197
4.651527404785156
4.589897155761719
4.581933498382568
4.757479190826416
4.720156669616699
4.612542629241943
4.839301586151123
4.639451026916504
4.70878267288208
4.615380764007568
4.625293731689453
4.615168571472168
4.635333061218262
4.666752338409424
4.5859904289245605
4.805359363555908
4.5180463790893555
4.744897842407227
4.800559043884277
4.7503132820129395
4.4593610763549805
4.676187992095947
4.603653907775879
4.749785900115967
4.697485446929932
4.525657653808594
4.8023152351379395
4.6493239402771
4.639937400817871
4.596268653869629
4.716279029846191
4.6039838790893555
4.666812896728516
4.594426155090332
4.549554347991943
4.741377353668213
4.944100856781006
4.551084518432617
4.74221134185791
4.773494243621826
4.799483776092529
4.795651435852051
4.693782329559326
4.781996726989746
4.901759147644043
4.634777545928955
4.788432598114014
4.724582672119141
4.70916223526001
4.801370143890381
4.6980414390563965
4.669954776763916
4.578233242034912
4.626334190368652
4.742585182189941
4.600715160369873
4.7545084953308105
4.549008846282959
4.689178943634033
4.626136302947998
4.690422058105469
4.631508827209473
4.644374370574951
4.796294212341309
4.812422752380371
4.605938911437988
4.725467681884766
4.777968883514404
4.692859172821045
4.7680535316467285
4.62910795211792
4.677195072174072
4.631444454193115
4.647476673126221
4.63217306137085
4.689276218414307
4.679913520812988
4.885375499725342
4.642171382904053
4.639077186584473
4.610875606536865
4.650888919830322
4.670217514038086
4.592606067657471
4.66520881652832
4.571451663970947
4.638269901275635
4.6165666580200195
4.602357387542725
4.480044364929199
4.6282243728637695
4.7495436668396
4.722066879272461
4.612679481506348
4.679634094238281
4.606240749359131
4.709468841552734
4.749184608459473
4.735772609710693
4.573751926422119
4.630898952484131
4.530400276184082
4.720301628112793
4.646265506744385
4.660340309143066
4.606911659240723
4.694177627563477
4.722558975219727
4.802520751953125
4.770753860473633
4.690457820892334
4.518820762634277
4.67094087600708
4.586679458618164
4.672440052032471
4.555704593658447
4.800544261932373
4.623498439788818
4.916361331939697
4.733034610748291
4.746402263641357
4.84026575088501
4.799330711364746
4.510012626647949
4.662888526916504
4.75711727142334
4.7658538818359375
4.721426963806152
4.849033355712891
4.707103252410889
4.725941181182861
4.650321960449219
4.6982879638671875
4.587831020355225
4.752389907836914
4.5535807609558105
4.466859340667725
4.59028959274292
4.82119083404541
4.76228666305542
4.6628289222717285
4.66797399520874
4.6594648361206055
4.714978218078613
4.68953800201416
4.652149200439453
4.74486780166626
4.756648063659668
4.63472843170166
4.779009819030762
4.66909646987915
4.613393306732178
4.610138416290283
4.619485855102539
4.556107044219971
4.55687141418457
4.788198471069336
4.664037704467773
4.766937732696533
4.793532848358154
4.705617427825928
4.67851448059082
4.611253261566162
4.701048374176025
4.662990570068359
4.7617998123168945
4.766566276550293
4.619046688079834
4.578165531158447
4.750667572021484
4.800893306732178
4.746022701263428
4.673566818237305
4.705820560455322
4.751884460449219
4.637358665466309
4.599658012390137
4.826172351837158
4.683065414428711
4.607017993927002
4.707164287567139
4.644558429718018
4.601720333099365
4.706419944763184
4.579044342041016
4.789144992828369
4.5523176193237305
4.5978851318359375
4.5976667404174805
