5.547754764556885
5.4210052490234375
4.8920722007751465
7.993630409240723
6.7372026443481445
5.817009925842285
5.522730350494385
5.525378704071045
5.524930000305176
5.505609512329102
5.487419128417969
5.456209659576416
5.477620601654053
5.3604559898376465
5.380501747131348
5.263237476348877
5.255799293518066
5.2090654373168945
5.338446140289307
5.204672336578369
5.435522556304932
5.354775905609131
5.296501159667969
5.268758773803711
5.545421123504639
5.330006122589111
5.583349704742432
5.1951117515563965
5.235376834869385
5.249669075012207
5.270299434661865
5.155726432800293
5.589862823486328
5.37534761428833
5.110215663909912
5.035617828369141
5.101999282836914
5.1725544929504395
5.238420009613037
5.1939311027526855
5.150392532348633
5.186936378479004
5.085239887237549
5.104709148406982
4.966611862182617
5.04866361618042
4.967746734619141
4.853938102722168
4.9418625831604
5.21571683883667
4.89224100112915
4.976805210113525
4.808751106262207
4.906440734863281
4.902957916259766
4.754958629608154
4.8858137130737305
4.65272855758667
4.931583404541016
4.929137706756592
4.547599792480469
5.298501014709473
4.7892608642578125
4.786057949066162
4.99080228805542
4.592055797576904
4.768378734588623
4.885227680206299
5.000619411468506
4.950173854827881
4.79229736328125
4.706278324127197
4.642006874084473
5.063065528869629
4.56880521774292
4.913347244262695
4.658190727233887
4.723100662231445
5.004985809326172
5.0177812576293945
4.953978061676025
4.724410533905029
4.647644519805908
4.884579658508301
4.801576614379883
5.102734088897705
4.785732269287109
4.492546081542969
5.032625675201416
4.642446994781494
4.893973350524902
5.085147380828857
4.999326229095459
4.720620155334473
4.8071794509887695
5.143527984619141
4.619905471801758
5.037939071655273
4.8896684646606445
4.620703220367432
4.6692094802856445
4.685260772705078
4.63866662979126
4.6480231285095215
5.558688163757324
4.921079158782959
4.996769428253174
4.929272174835205
4.811550617218018
4.7577996253967285
4.722334384918213
5.8378987312316895
4.87799596786499
4.792298793792725
5.068998336791992
5.031795978546143
4.995364665985107
5.001605987548828
4.819216728210449
4.83262300491333
4.802915096282959
4.8011064529418945
4.890528678894043
4.866151332855225
4.742353439331055
4.645208835601807
4.654390811920166
4.601135730743408
4.758199214935303
4.636547565460205
4.748212814331055
4.5375518798828125
4.678299427032471
4.725357532501221
4.4052886962890625
5.140232563018799
5.322267532348633
4.159270763397217
4.68687629699707
4.660339832305908
4.958701133728027
4.6656718254089355
5.022136688232422
4.907256126403809
4.620388507843018
5.012932300567627
4.821988582611084
4.703724384307861
4.5932207107543945
4.4465012550354
4.792859077453613
4.535496234893799
4.699261665344238
4.409119606018066
4.50433874130249
4.352395057678223
5.012743949890137
4.439490795135498
4.584820747375488
4.301729202270508
4.589235782623291
4.646600723266602
4.897371768951416
4.74179744720459
4.878273010253906
4.683675765991211
4.879715442657471
4.4001970291137695
4.523225784301758
4.587044715881348
4.8560791015625
4.834287166595459
4.748300552368164
4.53826379776001
4.897275924682617
4.73613166809082
4.625706672668457
4.856522560119629
5.367231369018555
4.383995056152344
4.5728325843811035
4.622904300689697
4.413794040679932
4.566225528717041
4.543362617492676
4.686095714569092
4.657585144042969
4.6945624351501465
4.936678886413574
4.741453170776367
4.7930803298950195
4.582211971282959
4.457673072814941
5.135568141937256
4.642047882080078
5.44062614440918
4.586324214935303
5.10538387298584
4.838820457458496
5.0470757484436035
5.748014450073242
5.764711380004883
4.803623676300049
4.672476291656494
5.062275409698486
5.556771755218506
4.6877264976501465
4.895846843719482
4.8661627769470215
4.834969997406006
4.6745991706848145
4.599536418914795
4.670011043548584
4.765334129333496
4.482779502868652
4.620242118835449
4.641129970550537
4.650146484375
5.525077819824219
4.4111199378967285
4.527534484863281
4.632638931274414
4.642430305480957
4.669435501098633
4.647710800170898
4.551260948181152
4.767298221588135
4.523988246917725
4.465702056884766
4.380695819854736
4.77758264541626
4.39461088180542
5.341153144836426
5.082213878631592
4.68856954574585
4.711826801300049
4.604455471038818
4.553174018859863
4.865463733673096
4.931088447570801
4.881089210510254
4.466559886932373
4.727783203125
4.8343024253845215
4.463099479675293
4.523819923400879
4.503499507904053
4.934152126312256
4.6830244064331055
4.660125255584717
4.803921699523926
4.667333126068115
4.737915515899658
4.89592981338501
4.733105659484863
4.559146881103516
4.597474098205566
4.506425380706787
4.26716423034668
4.703686714172363
4.433852672576904
4.852136135101318
4.6193389892578125
4.850651264190674
4.60239315032959
4.4319376945495605
4.494322776794434
4.82488489151001
4.458988189697266
4.611473083496094
4.436288356781006
4.712033748626709
4.588662624359131
4.537359714508057
4.926537036895752
4.708037853240967
4.382980823516846
4.903282165527344
4.550805568695068
4.546914577484131
4.515298843383789
5.225008010864258
4.880261421203613
4.340597152709961
4.601607322692871
4.6454949378967285
4.462645053863525
4.205467224121094
5.042242527008057
4.621971130371094
4.705801486968994
4.4883856773376465
4.553646564483643
4.488208770751953
4.486057281494141
4.9174723625183105
4.480867862701416
4.444219589233398
5.091785430908203
4.6017913818359375
4.731987476348877
4.929427623748779
4.694051742553711
4.539968967437744
4.508795738220215
4.5339508056640625
4.566193580627441
4.402042865753174
4.104879379272461
4.51928186416626
5.000049114227295
4.523807048797607
4.750666618347168
4.655707836151123
4.508989334106445
4.926479339599609
4.7980241775512695
4.408987045288086
4.772095203399658
4.560115814208984
4.6357927322387695
4.425792694091797
4.685701370239258
4.65857458114624
4.22026252746582
4.255799293518066
4.847681522369385
4.8588972091674805
5.201642036437988
4.372583389282227
4.568546772003174
4.401234149932861
4.189962387084961
4.285900592803955
4.50608491897583
4.920903205871582
4.827480316162109
4.776172161102295
4.735450744628906
4.2870941162109375
5.112940788269043
4.413858413696289
4.850069046020508
4.350660800933838
4.744877815246582
4.928591251373291
4.745739936828613
4.857931137084961
4.581033706665039
4.958209991455078
4.368346214294434
4.627720355987549
4.663034439086914
4.9576568603515625
4.298605442047119
4.525167942047119
4.212185859680176
4.529135704040527
4.812329292297363
4.402626991271973
4.612714767456055
4.55836820602417
4.490756988525391
4.5311360359191895
4.4523138999938965
4.627243518829346
4.5888895988464355
4.508668422698975
4.704153537750244
4.318144798278809
4.592637062072754
4.635539531707764
4.445343971252441
4.511895179748535
4.359691143035889
4.857662200927734
4.17753267288208
4.778778553009033
4.55451774597168
4.648581504821777
4.587367057800293
4.3337225914001465
4.569782257080078
4.866637706756592
4.313173294067383
4.614215850830078
4.396182060241699
4.492830276489258
5.021876811981201
4.5927324295043945
4.463940620422363
4.801546573638916
4.451127529144287
4.516890525817871
4.453227996826172
4.407773494720459
5.103194713592529
4.63958215713501
4.399919509887695
4.420157432556152
4.33642578125
4.179756164550781
4.600635528564453
4.813683986663818
4.432253837585449
4.4447221755981445
4.325918197631836
4.223535537719727
4.602601528167725
4.382187366485596
4.244813919067383
4.462475776672363
4.633906841278076
4.3307647705078125
4.355350494384766
4.411208152770996
4.403718948364258
4.399515628814697
4.342345237731934
4.169276714324951
4.211202144622803
5.02878999710083
5.098770618438721
5.030858516693115
4.56336784362793
4.544788360595703
4.815044403076172
4.411532402038574
4.655386447906494
4.536451816558838
4.634770393371582
4.6058478355407715
4.816266059875488
4.4913835525512695
4.622305870056152
4.885135650634766
4.560908317565918
4.893475532531738
4.942691326141357
4.765339374542236
4.678146839141846
4.771927833557129
4.424259185791016
4.715707778930664
4.67602014541626
4.714207649230957
4.378912448883057
4.6724324226379395
4.486424446105957
4.777756214141846
5.20246696472168
4.653615951538086
4.738131046295166
4.804337501525879
4.593970775604248
4.6791605949401855
4.670912742614746
4.519608497619629
4.557284355163574
4.746195316314697
4.930418014526367
4.365095138549805
4.815300941467285
4.892726898193359
4.7815327644348145
4.828617572784424
4.705471038818359
4.846420764923096
5.325234889984131
4.551936149597168
4.727770805358887
4.7092366218566895
4.630805969238281
5.025641441345215
4.3655500411987305
4.929943561553955
4.451513290405273
4.67158842086792
4.485678195953369
4.562324523925781
4.578577518463135
4.510675430297852
4.663090705871582
4.683994293212891
4.774744510650635
4.552009105682373
4.599691390991211
4.47878360748291
4.628515720367432
4.983138084411621
4.5001068115234375
4.299917221069336
4.314149856567383
4.859219551086426
4.660813331604004
4.382608890533447
4.317199230194092
4.386292934417725
4.510228633880615
4.383357524871826
4.429617404937744
4.651536464691162
4.390201091766357
4.329212665557861
4.437616348266602
4.577470302581787
4.287025451660156
4.4179792404174805
4.6778459548950195
4.189074516296387
5.264686584472656
4.635754108428955
4.600895881652832
4.492908954620361
4.821987628936768
4.697877407073975
4.4121294021606445
4.546308994293213
4.792160987854004
4.33357572555542
4.268004894256592
4.4088921546936035
4.351142883300781
4.5485124588012695
4.49037504196167
4.226609230041504
4.835485935211182
4.977898120880127
4.506755828857422
4.836198806762695
4.921137809753418
4.637850284576416
4.652118682861328
4.675055503845215
4.737360000610352
4.800998210906982
4.347228527069092
4.2199015617370605
4.498472690582275
4.126710414886475
4.493990421295166
4.440604209899902
4.717230319976807
4.7923078536987305
4.281660556793213
5.078432559967041
4.719307899475098
4.66339635848999
4.613481044769287
4.7981038093566895
4.703949451446533
4.239139556884766
4.60295295715332
4.982093811035156
4.530837059020996
4.347701072692871
4.518431663513184
4.29391622543335
5.249096870422363
4.4401068687438965
4.319652080535889
4.18953275680542
4.765188217163086
4.398952484130859
4.2942705154418945
4.634731769561768
4.535037040710449
4.533289909362793
4.826699256896973
4.3074212074279785
4.368119716644287
4.845768928527832
4.466719627380371
4.696566581726074
4.503964900970459
4.363830089569092
4.723090171813965
4.561858177185059
4.564384460449219
4.667794227600098
4.496657848358154
4.611640453338623
4.3732781410217285
4.790501117706299
4.485340595245361
4.482822418212891
4.482643127441406
4.333359718322754
4.4991888999938965
4.465074062347412
4.532508373260498
4.285569667816162
4.479619026184082
4.895422458648682
4.536421298980713
4.347409248352051
4.390044689178467
5.012173652648926
4.891465187072754
4.645809650421143
4.385419845581055
4.59705114364624
4.721356391906738
4.364588260650635
4.525272846221924
4.599491119384766
4.4780073165893555
4.390670299530029
4.3099365234375
4.095615863800049
4.648826599121094
4.635008811950684
4.242318630218506
5.210290431976318
5.011725425720215
4.629434585571289
4.605724334716797
4.5071563720703125
4.579291343688965
4.761963367462158
4.4012451171875
4.753743648529053
4.587307453155518
4.494162559509277
4.927993297576904
4.485306262969971
4.378416061401367
4.363062858581543
4.451594352722168
4.506646156311035
4.4578962326049805
4.588839530944824
4.322096824645996
4.520114898681641
4.368015289306641
4.787477016448975
4.425474166870117
4.437437534332275
4.449572563171387
4.718776702880859
4.172451019287109
4.281713962554932
4.3525214195251465
4.173629283905029
4.6919331550598145
4.520584583282471
4.146655082702637
4.46891450881958
4.337000370025635
4.647520542144775
4.438009738922119
4.16267728805542
4.422317981719971
5.366766929626465
4.192005634307861
4.18526029586792
4.695767879486084
4.873963832855225
4.574211120605469
4.725090026855469
4.611607551574707
4.3600358963012695
4.7317280769348145
4.403363227844238
4.546652317047119
4.5298285484313965
4.520376682281494
4.760122776031494
4.4899773597717285
4.565234661102295
4.098382472991943
4.561904430389404
4.599685192108154
4.292646884918213
4.6835246086120605
4.910556793212891
4.23582649230957
4.446073532104492
4.844084739685059
4.143290996551514
4.341144561767578
4.354423999786377
4.323515892028809
4.6451287269592285
4.497126579284668
4.747611045837402
4.795286655426025
4.685876369476318
4.482848167419434
4.656918048858643
4.280658721923828
4.405234336853027
4.255815505981445
4.587032318115234
4.440616130828857
4.4094109535217285
4.43263578414917
4.461850166320801
4.728713035583496
4.410851001739502
4.878327369689941
4.597207069396973
4.608963489532471
4.820215225219727
4.30544376373291
4.448700904846191
4.837558269500732
4.732938289642334
4.488729000091553
4.624129295349121
4.522176742553711
4.679886341094971
4.516202449798584
4.34896183013916
4.406397819519043
4.86152458190918
4.591153621673584
4.520124435424805
4.467017650604248
4.36332368850708
4.217996597290039
4.618331432342529
4.195870876312256
4.649374961853027
4.6209797859191895
4.348186016082764
4.2117204666137695
4.315299987792969
4.184574604034424
4.367033004760742
4.6946210861206055
4.869377136230469
4.430558681488037
4.323320388793945
4.48548698425293
4.489090442657471
4.112299919128418
4.209189414978027
4.331854820251465
4.379528045654297
4.426870822906494
4.5417704582214355
4.132999897003174
4.39512300491333
4.891661643981934
4.613786697387695
4.4686808586120605
4.481719017028809
4.271538734436035
4.304052829742432
4.150360584259033
4.6031494140625
4.375290870666504
4.53334903717041
4.8614678382873535
4.785947799682617
4.9215545654296875
4.526941299438477
4.5356245040893555
4.217707633972168
4.195825099945068
4.718522071838379
4.419026851654053
4.64066219329834
4.528649806976318
4.241866111755371
4.2222819328308105
4.852024078369141
4.477728843688965
4.400612831115723
4.8664164543151855
4.594326972961426
4.5449042320251465
4.403136253356934
4.505823612213135
4.871427536010742
4.332871913909912
4.478233814239502
4.215074062347412
4.267257213592529
4.417562961578369
5.176876068115234
4.42925500869751
4.6178083419799805
4.585638046264648
4.593492031097412
4.666829586029053
4.770305633544922
4.57122278213501
4.572340965270996
4.36493444442749
4.924148082733154
4.604719638824463
4.483160972595215
4.385511875152588
4.519184589385986
4.586413383483887
4.31176233291626
4.58806848526001
4.267563343048096
4.2279953956604
4.6006999015808105
4.671549320220947
4.763400077819824
4.411700248718262
4.36852502822876
4.805532932281494
5.183528900146484
4.752338409423828
4.3935065269470215
4.426385402679443
4.219067096710205
4.742208480834961
4.607161998748779
4.65397834777832
4.629440784454346
4.4298319816589355
4.245767116546631
4.483323574066162
4.454384803771973
4.364415645599365
4.227476596832275
4.112858295440674
4.627703666687012
5.037630558013916
4.3653130531311035
4.3206892013549805
4.459673881530762
4.6933159828186035
4.3895792961120605
4.109016418457031
4.732438087463379
4.507472515106201
4.492164134979248
4.241857528686523
4.603331565856934
4.8267974853515625
4.411293983459473
4.515651702880859
4.197437763214111
4.526187896728516
4.364396095275879
4.167366027832031
4.561111927032471
4.618620872497559
4.831674098968506
4.393596649169922
4.228045463562012
4.694821357727051
4.616394996643066
4.439557075500488
4.499815940856934
4.412397384643555
4.512950897216797
4.586870193481445
4.285459518432617
4.35539436340332
4.287736415863037
4.497001647949219
4.720089435577393
4.394758701324463
4.469593048095703
4.401730060577393
4.6755805015563965
4.214934349060059
4.953875541687012
4.646792411804199
4.140760898590088
4.481466770172119
4.3858642578125
4.682947158813477
4.984463214874268
4.857430934906006
4.417280197143555
4.34342622756958
4.2201948165893555
4.209720611572266
4.362578868865967
4.645319938659668
4.159076690673828
4.314924240112305
4.528639316558838
4.2425947189331055
4.415487289428711
4.500087738037109
4.722814559936523
4.346266746520996
4.304871559143066
4.367878437042236
4.018255710601807
4.396448612213135
4.182304859161377
4.295613765716553
5.09801721572876
4.785802364349365
4.2728118896484375
4.593574523925781
4.764832973480225
4.837532043457031
4.436253070831299
4.542551040649414
4.349164962768555
4.397730350494385
4.336605548858643
4.628472328186035
5.01015043258667
4.178257942199707
4.938902854919434
4.647984027862549
4.469201564788818
4.48394250869751
4.359011173248291
4.586704730987549
4.49396276473999
4.413581371307373
4.324405193328857
4.706300258636475
4.751453876495361
4.415274143218994
4.79758358001709
4.42889404296875
4.327330112457275
4.50508451461792
4.409026145935059
4.2152099609375
4.609286308288574
4.418568134307861
4.325283050537109
4.369959831237793
4.313177108764648
4.510501384735107
4.650719165802002
4.245851039886475
4.36221170425415
4.482792854309082
4.561274528503418
4.891380786895752
4.183570861816406
4.430357456207275
4.475305557250977
4.578720569610596
4.04194450378418
4.746912479400635
4.330376148223877
4.601295471191406
4.778838634490967
4.395664215087891
4.173827171325684
4.699782848358154
4.357499599456787
4.478382110595703
4.490512371063232
4.650181770324707
4.811418056488037
4.629744529724121
4.391170978546143
4.441501140594482
4.205780506134033
4.2849345207214355
4.161524772644043
4.188364028930664
4.8705573081970215
4.220461845397949
4.047476291656494
4.608361721038818
4.952303886413574
4.47263765335083
4.089953422546387
4.446905612945557
4.287209510803223
4.479340553283691
4.383917331695557
4.484897136688232
4.205565452575684
4.17008638381958
4.64279317855835
5.104812145233154
4.858046531677246
4.627000331878662
4.498595714569092
4.558184623718262
4.509543418884277
4.229032039642334
4.13994026184082
4.084990501403809
4.193467617034912
4.587179183959961
4.303827285766602
4.44378662109375
4.166928768157959
4.235815048217773
4.314207077026367
4.1090850830078125
5.134097099304199
4.258391380310059
4.643374919891357
4.191563606262207
4.678766250610352
4.379344463348389
4.152806758880615
4.330193519592285
4.569450378417969
4.3460869789123535
4.640592575073242
4.203136920928955
4.214107036590576
4.332500457763672
4.4367780685424805
4.615729808807373
4.405471324920654
4.619721412658691
4.590158462524414
4.18781852722168
4.292506217956543
4.267085075378418
4.216011047363281
4.412609100341797
4.242086887359619
4.468985557556152
4.520297527313232
4.3097686767578125
4.173354148864746
4.159337997436523
4.752046585083008
4.419360637664795
4.803683280944824
4.952019691467285
4.4496073722839355
4.312838077545166
4.447371482849121
4.454090595245361
4.048041820526123
4.382282733917236
4.21074914932251
4.478058815002441
3.9823100566864014
4.338752269744873
4.420717239379883
4.271740436553955
4.753777503967285
4.131772041320801
4.331317901611328
4.533687114715576
4.677004337310791
4.636311054229736
4.159871578216553
5.271186351776123
4.225720405578613
4.741123676300049
4.430552959442139
4.451145172119141
4.356595516204834
4.240002632141113
4.264980316162109
4.945590019226074
4.671483993530273
4.440484523773193
4.218504905700684
4.1906938552856445
4.455564975738525
4.487318992614746
4.746600151062012
4.197824001312256
4.091263294219971
3.943068742752075
4.7744622230529785
4.255040645599365
4.443120002746582
4.279094696044922
4.1849164962768555
4.378391265869141
4.233447074890137
4.037421703338623
4.496613502502441
4.881387710571289
4.20604944229126
4.575133323669434
4.460974216461182
4.446610450744629
4.802949905395508
4.3471550941467285
4.52005672454834
4.499391555786133
4.491909503936768
4.316585540771484
4.065379619598389
4.464740753173828
4.137783527374268
4.378066062927246
4.354646682739258
4.237979888916016
4.448888301849365
4.427929878234863
4.2647247314453125
4.536620140075684
4.3070597648620605
4.452302932739258
4.1379852294921875
4.681606292724609
4.409898281097412
4.691195011138916
4.374878406524658
4.337406635284424
4.180537223815918
4.8725266456604
4.321099758148193
4.1229424476623535
4.599325656890869
4.503180503845215
4.365787506103516
4.099895477294922
4.290604591369629
4.184218883514404
4.630437850952148
4.192056655883789
4.023074626922607
4.575033187866211
3.8193888664245605
4.322543144226074
4.709444046020508
4.6346564292907715
4.73660945892334
4.34732723236084
4.8422441482543945
4.3472580909729
4.681486129760742
4.2585906982421875
4.59488582611084
4.064985752105713
4.227810859680176
4.578980445861816
4.111210346221924
4.129890441894531
4.197774887084961
4.281789779663086
4.406222343444824
4.396764755249023
4.630124092102051
4.472725868225098
4.060926914215088
3.974942684173584
4.291960716247559
4.70427131652832
4.395710468292236
4.370389938354492
4.225428581237793
4.731382369995117
4.355169296264648
4.377962589263916
4.504404067993164
4.115731239318848
4.3068060874938965
4.371862411499023
4.059403896331787
4.121676445007324
4.896406650543213
4.087228775024414
4.490419387817383
4.084010601043701
4.0503621101379395
4.495239734649658
4.251542568206787
4.578140735626221
4.323941707611084
4.372033596038818
4.3510942459106445
4.505875587463379
4.601154804229736
4.062984943389893
4.4495930671691895
4.374687671661377
4.442418575286865
4.232107162475586
4.791431903839111
4.539363861083984
4.483771324157715
4.698144912719727
4.554538249969482
4.269207000732422
4.519337177276611
4.7029595375061035
4.339774131774902
4.435879707336426
4.265544414520264
4.291118621826172
4.542027950286865
4.265312194824219
4.782695770263672
4.630358695983887
4.91561222076416
4.485208511352539
4.381789684295654
4.388302803039551
4.468077182769775
4.521908760070801
4.170074939727783
4.280550956726074
4.192443370819092
4.001038551330566
4.121882915496826
4.247697353363037
4.227964401245117
4.18084716796875
4.454330921173096
4.469854831695557
4.181726932525635
4.993180751800537
4.371148109436035
4.275075912475586
4.472393989562988
4.076448440551758
3.850848436355591
4.546621799468994
4.329345226287842
4.405269622802734
4.679291725158691
4.72580099105835
4.472650051116943
4.889395236968994
4.525635242462158
4.3025312423706055
4.738354206085205
4.270862579345703
4.192043781280518
4.7717604637146
4.616148948669434
4.116640567779541
4.659691333770752
4.573493957519531
4.628627777099609
4.132297515869141
4.755061626434326
4.667004108428955
4.5900115966796875
4.226187229156494
4.594125747680664
4.342321872711182
4.354186058044434
4.03479528427124
4.452060222625732
4.381348133087158
4.164004325866699
4.612915992736816
4.1628193855285645
4.296575546264648
4.468399524688721
4.267929553985596
4.2595343589782715
4.547909736633301
4.292747497558594
4.269080638885498
4.308693885803223
4.484747409820557
4.258042335510254
4.109845161437988
4.622598171234131
3.979288339614868
4.8310933113098145
4.1087727546691895
4.5620269775390625
4.633771896362305
4.330549240112305
4.4366044998168945
4.513402462005615
4.068650245666504
4.7434210777282715
4.362539768218994
4.547094821929932
4.396342754364014
4.182706356048584
4.369316577911377
3.9817287921905518
4.382596969604492
4.603985786437988
4.428825378417969
4.448318958282471
4.100749492645264
4.843741416931152
4.115964889526367
4.716683387756348
4.395930290222168
4.06936502456665
4.122610092163086
4.653916358947754
4.1084065437316895
4.099066734313965
4.763003349304199
4.069424152374268
4.238414764404297
4.852255821228027
4.430882930755615
4.135533332824707
4.31619930267334
4.1366167068481445
4.780047416687012
4.342229843139648
4.053277492523193
4.40210485458374
4.4193220138549805
4.482621669769287
4.13923454284668
4.272024631500244
4.191383361816406
4.264732837677002
4.101451873779297
3.986006259918213
4.356592178344727
4.245606899261475
4.370793342590332
4.264533996582031
4.774970531463623
4.313332557678223
4.370877265930176
4.390433311462402
3.9407079219818115
4.037701606750488
4.2414374351501465
4.11398983001709
4.350584506988525
4.587590217590332
4.182147979736328
4.13822603225708
4.492774486541748
5.003518104553223
4.400600433349609
4.448014259338379
4.768353462219238
3.988614797592163
4.058673858642578
4.145908355712891
4.218252658843994
4.323492050170898
4.207765579223633
4.297313690185547
4.207190990447998
4.3098649978637695
4.429647922515869
4.237839221954346
4.47680139541626
4.651991367340088
4.186620712280273
3.9614429473876953
4.435355186462402
5.039933204650879
4.32230806350708
3.995936393737793
4.648320198059082
4.146084785461426
4.448812484741211
4.11754846572876
4.417983531951904
4.658973217010498
4.791090488433838
4.117023468017578
4.4467620849609375
4.207927703857422
4.8483452796936035
4.154393672943115
4.2668280601501465
4.573930263519287
4.239569664001465
4.700000762939453
4.2558698654174805
4.4926958084106445
4.589079856872559
4.174011707305908
4.395382404327393
4.21917200088501
4.521422386169434
4.0656023025512695
4.243777751922607
4.596141815185547
4.236607074737549
4.200035572052002
4.683948993682861
4.220288276672363
4.455926895141602
4.272464752197266
4.102766990661621
4.790796279907227
4.36208963394165
4.424479007720947
4.720099925994873
4.5761027336120605
4.129833698272705
4.147812366485596
4.421634674072266
4.339122295379639
4.390473365783691
4.4261298179626465
4.395886421203613
4.757201194763184
4.218164920806885
4.290648937225342
4.6035966873168945
4.237983226776123
4.663707733154297
4.518553733825684
4.718642234802246
4.439142227172852
4.136295795440674
4.605773448944092
4.180181503295898
4.685140132904053
4.366934299468994
4.289714336395264
4.2576165199279785
4.253535747528076
4.071572780609131
4.426732063293457
4.618481636047363
4.237692356109619
4.219448089599609
4.289260387420654
4.783444404602051
4.324071884155273
4.5740461349487305
4.584030628204346
3.9094910621643066
4.621629238128662
4.125199794769287
4.1931376457214355
4.113371849060059
3.962723970413208
4.6313347816467285
4.377504825592041
4.368541717529297
4.239940643310547
4.218381404876709
4.581846714019775
4.195569038391113
3.9531660079956055
4.3135762214660645
4.802888870239258
3.8475863933563232
4.025586128234863
4.448305130004883
4.459303379058838
4.230281352996826
4.062370777130127
4.528722286224365
4.005812168121338
3.976945400238037
4.66681432723999
4.28010892868042
4.132621765136719
4.115855693817139
4.649113178253174
4.133792400360107
4.512608528137207
4.385399341583252
4.024064540863037
4.092564105987549
4.477217197418213
3.878404140472412
4.488606929779053
3.948246955871582
4.524140357971191
4.357970714569092
3.8988118171691895
4.356644153594971
4.388317108154297
4.698681831359863
4.497768878936768
4.394980430603027
4.351589202880859
4.156388282775879
4.499944686889648
4.440819263458252
4.323894023895264
3.9296164512634277
4.2534942626953125
4.166672706604004
4.582242012023926
4.570223331451416
4.107828617095947
4.330812931060791
4.045467376708984
4.567700386047363
4.172989368438721
4.107327461242676
3.9509522914886475
4.036806106567383
4.086137771606445
4.369378089904785
4.61252498626709
4.217828273773193
4.133805751800537
4.599607467651367
4.40339994430542
4.434577465057373
4.155189037322998
4.149876117706299
4.228508472442627
4.351673126220703
4.205199241638184
4.330996990203857
4.131038188934326
4.833062648773193
4.250312328338623
4.358615398406982
4.339232444763184
4.255051612854004
4.395065784454346
4.3882598876953125
4.2740092277526855
4.221746921539307
4.155572414398193
4.063538074493408
4.445752143859863
4.303831100463867
4.110069274902344
4.2928667068481445
4.130886554718018
4.304821014404297
4.047090530395508
4.341689586639404
4.1617207527160645
4.297316074371338
4.991184234619141
4.625829219818115
4.427844524383545
4.361941814422607
4.877974987030029
4.3684563636779785
4.592480182647705
4.298287868499756
4.734350204467773
4.814128875732422
4.257485866546631
4.758906364440918
4.590443134307861
4.115832328796387
4.092294692993164
4.192015647888184
4.132866859436035
4.389863967895508
4.663264751434326
4.224560737609863
4.16241455078125
5.239828586578369
3.8741867542266846
4.217940807342529
4.737583160400391
4.237837791442871
4.578938961029053
4.23655891418457
4.488429546356201
4.120222568511963
4.3667988777160645
4.652822971343994
4.754337310791016
4.261233329772949
4.705536842346191
4.4714179039001465
4.010688781738281
4.039460182189941
4.204949378967285
4.2120795249938965
4.313993453979492
4.4112420082092285
4.230967998504639
4.393243312835693
4.2644453048706055
4.5647149085998535
4.2313079833984375
4.395967483520508
4.344513416290283
4.565238952636719
4.7231011390686035
4.313860893249512
4.880413055419922
4.307103157043457
4.0150065422058105
4.448596954345703
4.666420936584473
4.4210710525512695
4.164400100708008
4.612421035766602
4.327399730682373
4.079921722412109
4.353785991668701
4.551761150360107
4.411891460418701
4.577770233154297
4.308981418609619
4.339128494262695
3.9892866611480713
4.087562084197998
4.018717288970947
4.02021598815918
3.994605541229248
4.062943458557129
4.419693946838379
4.27764368057251
3.9956350326538086
4.866441249847412
4.651628494262695
4.551728248596191
3.960000991821289
4.185718536376953
3.88034725189209
4.101324081420898
4.804997444152832
4.100064277648926
4.00934362411499
4.265677452087402
4.139928817749023
4.495119571685791
4.374605655670166
4.4970831871032715
4.341070652008057
4.068159103393555
4.341975688934326
4.421829700469971
4.382912635803223
4.057485580444336
4.347522735595703
4.994010925292969
4.513022422790527
4.142876625061035
4.479509353637695
4.211024284362793
4.032262325286865
4.185778617858887
4.169626235961914
4.331657409667969
4.29249906539917
4.867914199829102
4.057665824890137
4.514763832092285
4.164173603057861
4.086491107940674
3.9125020503997803
4.4858808517456055
4.302768707275391
4.28655481338501
4.032865047454834
4.006078243255615
3.9566612243652344
3.9240167140960693
4.658840656280518
4.211370944976807
4.193840980529785
4.333184719085693
4.279141426086426
3.911590814590454
4.180708885192871
4.446378707885742
4.415327072143555
4.0338544845581055
4.288365840911865
4.045987606048584
4.2876996994018555
4.124026298522949
4.215673923492432
4.179538249969482
3.961469888687134
4.16347599029541
4.325492858886719
4.373833179473877
3.9061203002929688
4.320852756500244
4.362967014312744
4.117354393005371
4.137572288513184
4.303454399108887
4.501129627227783
4.229950904846191
4.116788864135742
4.344568252563477
4.238376617431641
4.221340179443359
4.347222805023193
4.7142510414123535
3.994239330291748
3.861834764480591
4.118355751037598
4.399176120758057
4.371192932128906
4.213094711303711
3.89827036857605
4.259734153747559
4.261544704437256
4.288381576538086
4.7985005378723145
3.911938428878784
4.553194999694824
4.609699726104736
4.395549774169922
4.355147838592529
4.581730842590332
4.333698749542236
4.5902323722839355
4.094802379608154
4.867794990539551
4.5854620933532715
4.049341201782227
4.391960144042969
4.273684978485107
4.48759126663208
4.103379726409912
4.6213860511779785
4.982305526733398
4.333306789398193
4.293481349945068
4.295079708099365
4.536825656890869
4.174403190612793
4.394649982452393
4.0959038734436035
4.15826416015625
4.27166223526001
4.37711763381958
4.187155723571777
4.007392883300781
4.325410842895508
4.039498329162598
4.311871528625488
4.4070539474487305
4.836459159851074
3.9862682819366455
3.982795238494873
4.382983207702637
4.32558012008667
4.060732364654541
4.32885217666626
4.710690975189209
4.349064826965332
4.310997486114502
4.466531753540039
4.216009140014648
4.024051666259766
4.051690578460693
4.847493648529053
4.437155246734619
4.1847734451293945
3.979022264480591
4.552942276000977
4.56345272064209
4.001519203186035
4.3031110763549805
3.9487833976745605
4.184889793395996
4.412662982940674
4.225430011749268
4.2938995361328125
4.235030174255371
4.316824436187744
4.307806968688965
4.410192966461182
3.940852165222168
4.109358310699463
4.040275573730469
4.2512736320495605
4.079532146453857
4.170953750610352
4.402687072753906
3.9617421627044678
4.278765678405762
4.388800621032715
4.5325727462768555
4.143357276916504
4.840888023376465
4.087825298309326
4.3900322914123535
4.318490505218506
4.323558330535889
3.870171546936035
4.132874011993408
4.2697978019714355
4.097973346710205
4.564249038696289
4.256289482116699
3.7919349670410156
4.5889716148376465
4.004332065582275
3.8352417945861816
4.023382663726807
4.079591751098633
4.001272201538086
4.16414213180542
3.9679596424102783
4.088145732879639
4.0589141845703125
4.726305961608887
4.450329780578613
3.9382565021514893
4.329418659210205
4.199524879455566
4.001516819000244
3.6933951377868652
3.8679184913635254
4.132480621337891
4.280479431152344
4.709195137023926
4.734516620635986
4.770995140075684
4.5092010498046875
4.252291202545166
4.072689533233643
4.124848365783691
4.291543483734131
4.75917387008667
4.353744029998779
4.2831010818481445
3.908140182495117
4.086116790771484
4.602636814117432
4.43396520614624
4.263735771179199
4.59923791885376
4.4830780029296875
4.191272258758545
4.3945770263671875
3.9311463832855225
4.7672014236450195
4.206592559814453
4.49922513961792
4.447142124176025
4.284798622131348
4.3097758293151855
3.9594669342041016
4.806947231292725
4.708509922027588
4.223451614379883
4.398608207702637
4.45004940032959
4.769790172576904
4.234172344207764
4.613333702087402
4.2687530517578125
4.845236301422119
4.547092914581299
4.198673248291016
4.364017486572266
4.796452522277832
4.769332408905029
4.239380359649658
3.9832191467285156
3.9999990463256836
4.170145511627197
4.162775039672852
4.482190132141113
4.220153331756592
4.309334754943848
4.250914096832275
4.130858898162842
4.584578514099121
4.651618480682373
4.390977382659912
4.521971702575684
4.206149578094482
4.236450672149658
4.655438423156738
4.7835211753845215
4.215954780578613
4.0085015296936035
3.817040205001831
4.624114513397217
4.031620502471924
4.178281784057617
4.138759613037109
4.174991130828857
4.442994117736816
4.087263107299805
4.532054424285889
4.214835166931152
4.035533905029297
4.158997058868408
4.13009786605835
4.92020845413208
4.434815883636475
4.345786094665527
4.455157279968262
4.369030475616455
4.3370232582092285
4.5078911781311035
4.439156532287598
4.4351325035095215
4.327816963195801
4.595036029815674
4.220225811004639
3.77790904045105
4.266201019287109
4.458514213562012
4.0941572189331055
4.038477897644043
4.070132732391357
3.9349844455718994
4.0462965965271
4.406868934631348
3.9841628074645996
4.051131725311279
4.047743797302246
4.835508346557617
4.269629001617432
4.689404010772705
4.539358139038086
4.43834924697876
4.445337772369385
4.368414402008057
4.20059061050415
4.579357624053955
3.8952131271362305
3.9733505249023438
4.304496765136719
4.2373151779174805
4.268792629241943
4.889627456665039
3.9579012393951416
4.9022216796875
4.373780250549316
4.004298210144043
4.258636951446533
4.366885662078857
4.3526763916015625
3.936478614807129
4.128396987915039
4.764255523681641
4.276480197906494
4.086535930633545
4.650286674499512
4.069011211395264
4.358592510223389
4.213332653045654
4.163872241973877
3.8471298217773438
4.557099342346191
4.141613483428955
4.018265724182129
4.639113426208496
3.8067235946655273
4.4790120124816895
4.7366204261779785
4.187847137451172
4.296831130981445
4.168801307678223
4.2468485832214355
3.979572057723999
4.072287559509277
4.276085376739502
4.139506816864014
3.728902816772461
3.923292636871338
3.7443253993988037
4.669593811035156
4.569476127624512
4.4198808670043945
4.741342544555664
4.243713855743408
4.199934482574463
3.842207908630371
3.8628945350646973
4.1976318359375
4.07590913772583
4.34514856338501
4.325350761413574
4.025577545166016
4.4693098068237305
4.10282564163208
4.105816841125488
3.8940157890319824
3.903754234313965
4.128020763397217
4.239752292633057
4.014491081237793
4.438857555389404
4.508379936218262
4.156558036804199
4.172839164733887
4.282228946685791
4.337951183319092
3.838479518890381
4.65545654296875
4.3501667976379395
3.721731424331665
4.168704032897949
4.027920722961426
4.29213809967041
4.062081813812256
