5.5568060874938965
5.5337419509887695
5.463530540466309
5.45780611038208
5.3195037841796875
5.269259929656982
5.208555698394775
5.1550726890563965
5.016035079956055
5.265674114227295
5.289030075073242
5.192614555358887
5.206595420837402
5.1968183517456055
5.1266961097717285
5.181909561157227
5.196903228759766
5.17813777923584
5.31885290145874
5.131709575653076
5.280272483825684
5.180523872375488
5.207588195800781
5.146871566772461
5.224120140075684
5.1065802574157715
5.054322719573975
5.16831636428833
5.106664657592773
5.1193623542785645
5.015401363372803
5.180944919586182
5.081372261047363
5.0686726570129395
5.051698207855225
4.956789493560791
4.8444743156433105
4.9654951095581055
4.997309684753418
4.902524471282959
4.381124496459961
8.901785850524902
6.888244152069092
5.362942695617676
5.109797477722168
5.1375250816345215
5.276117324829102
5.136120319366455
4.971491813659668
5.13640022277832
4.979373455047607
4.9082255363464355
5.007357597351074
4.9907546043396
5.308864116668701
4.888307094573975
4.774360179901123
4.845238208770752
4.925947189331055
4.909722805023193
4.807582855224609
4.950562477111816
5.062412261962891
4.759007930755615
4.7472734451293945
5.652652263641357
4.919651508331299
4.89103364944458
5.023245811462402
4.913665294647217
5.084414005279541
4.9037370681762695
5.040736675262451
5.052524089813232
5.025989532470703
4.793810844421387
4.854791164398193
4.993135929107666
4.922446250915527
4.9676513671875
4.910075664520264
4.769195079803467
4.859194278717041
4.870144367218018
4.963488578796387
4.630014419555664
4.806447982788086
4.697526454925537
4.701076507568359
4.724186897277832
4.782217502593994
4.8268327713012695
4.734035015106201
4.600264072418213
4.959863185882568
4.959840297698975
4.8685455322265625
4.688045501708984
4.793557167053223
4.801139831542969
4.745528697967529
4.825052261352539
4.797847270965576
4.5428547859191895
4.746029376983643
4.595518112182617
4.457427024841309
4.602961540222168
4.731642246246338
4.6235809326171875
4.890273571014404
4.6642680168151855
4.6317830085754395
4.594222545623779
4.936427116394043
4.54784631729126
4.71718168258667
4.709153175354004
4.807558059692383
4.871004581451416
4.867982387542725
4.639891147613525
4.630326271057129
4.5868964195251465
4.733711242675781
4.504199028015137
4.570631980895996
4.824178695678711
4.854699611663818
4.67132568359375
4.596110820770264
4.9498419761657715
4.45059061050415
4.852871417999268
4.552967548370361
4.714493274688721
4.644341468811035
4.904034614562988
4.906917572021484
4.800776958465576
4.840333461761475
4.875877857208252
4.552562713623047
4.569631576538086
4.856738567352295
4.747542858123779
4.666743755340576
4.614284038543701
4.4980998039245605
4.780653953552246
4.684929847717285
4.73561954498291
4.631841659545898
4.517662525177002
4.673336982727051
4.5073933601379395
4.6623735427856445
4.661510944366455
4.671547889709473
4.614080429077148
5.2171406745910645
4.7126264572143555
4.903102874755859
4.743929386138916
4.7954888343811035
5.111717700958252
5.034048080444336
4.740769863128662
4.733086585998535
5.004981994628906
4.775060176849365
4.867208003997803
4.714730262756348
4.775918483734131
4.755631446838379
4.625298976898193
4.855612277984619
4.416038990020752
4.511251926422119
4.640766620635986
4.619185924530029
4.631384372711182
4.591438293457031
4.4470415115356445
4.700481414794922
4.331930637359619
4.672205924987793
4.603275299072266
4.570535182952881
4.753846645355225
4.709994792938232
4.5597991943359375
4.480379104614258
4.418556213378906
4.442083358764648
5.21942663192749
4.848372936248779
4.556825160980225
4.7696661949157715
4.3877644538879395
4.576948165893555
4.491580009460449
4.521576404571533
4.501516342163086
4.425698757171631
4.6935248374938965
4.457298278808594
4.551107883453369
4.563286781311035
4.3784027099609375
4.512794494628906
4.598936557769775
4.523062229156494
4.884376049041748
4.5713019371032715
4.8221940994262695
4.659901142120361
4.600839614868164
4.495315074920654
4.321488380432129
4.515241622924805
4.372429370880127
4.512495994567871
4.572567939758301
4.362145900726318
4.482789516448975
4.602410316467285
4.410000801086426
4.543861389160156
4.393226146697998
4.5665082931518555
5.22242546081543
4.457103729248047
4.888422012329102
4.631219863891602
4.678534507751465
4.643008232116699
4.6255598068237305
4.4535346031188965
4.664600849151611
4.535128116607666
4.767477989196777
4.341446876525879
4.57170295715332
4.419682025909424
4.536971092224121
4.3544111251831055
4.72968864440918
4.441457748413086
4.434673309326172
5.017785549163818
4.6890459060668945
4.317821979522705
4.460143089294434
4.4931559562683105
4.66612434387207
4.689624309539795
4.564663410186768
4.498251438140869
4.474174499511719
4.537803649902344
4.903359889984131
4.447155475616455
4.387273788452148
4.729146480560303
4.625652313232422
4.531167030334473
4.665654182434082
4.411640644073486
4.822724342346191
4.5491042137146
4.612616539001465
4.4704084396362305
5.0954790115356445
4.263577938079834
4.45843505859375
4.635379791259766
4.551402568817139
4.643033027648926
4.470115661621094
4.409022808074951
4.726542949676514
4.497743129730225
4.569583892822266
4.423664569854736
4.507258892059326
4.755673885345459
4.695910453796387
4.668676376342773
4.727553367614746
4.600464820861816
4.177804470062256
4.520413398742676
4.359307765960693
4.684133529663086
4.371259689331055
4.617688179016113
4.502546787261963
4.674187660217285
4.207583904266357
4.565055847167969
4.624603748321533
4.415762901306152
4.536391735076904
4.823155403137207
4.280598163604736
4.532630920410156
4.860945224761963
4.544044494628906
4.527268886566162
4.662008285522461
4.557909965515137
4.640883445739746
4.464802265167236
4.758816242218018
4.526433944702148
4.370908260345459
4.659311294555664
4.345133304595947
4.634967803955078
4.339352130889893
4.436702251434326
4.350971221923828
4.39237117767334
4.5454936027526855
4.368256092071533
4.563630104064941
4.498320579528809
4.720730304718018
4.336455821990967
4.497650623321533
4.5511884689331055
4.658860683441162
4.590884208679199
4.37113618850708
4.33341646194458
4.427373886108398
4.433234214782715
4.473959445953369
4.408576965332031
4.530298709869385
5.57120418548584
4.632105350494385
4.5905914306640625
4.462615489959717
4.7388200759887695
4.5918731689453125
4.571009635925293
4.409255027770996
4.3826189041137695
4.42194938659668
4.386604309082031
4.38068962097168
4.464653015136719
4.54256534576416
4.514839172363281
4.211942195892334
4.864288806915283
4.325127124786377
4.469082355499268
4.644063949584961
4.306042194366455
4.6636576652526855
4.545902729034424
4.377235412597656
4.520784378051758
4.784360408782959
4.986900329589844
4.454351902008057
4.421854019165039
4.720783710479736
4.376193046569824
4.469651699066162
4.540316104888916
4.378211498260498
4.40927791595459
4.501590728759766
4.547601699829102
4.561213970184326
4.468390941619873
4.1992340087890625
4.263823509216309
4.463668346405029
4.649056434631348
4.216825008392334
4.308032035827637
4.503024578094482
4.292256832122803
4.445728302001953
4.196206569671631
4.742049217224121
4.369688510894775
4.5599589347839355
4.750851631164551
4.215200424194336
4.254584789276123
4.597400665283203
4.567556858062744
4.6336541175842285
4.380165100097656
4.499325275421143
4.341763019561768
4.4317851066589355
4.204984188079834
4.54347038269043
4.426933765411377
4.57438850402832
4.306815147399902
4.335824012756348
4.5378875732421875
4.505603313446045
4.480121612548828
4.946110248565674
4.299374580383301
4.391355991363525
4.277812957763672
4.2926225662231445
4.488811492919922
4.246937274932861
4.542477607727051
4.345014572143555
4.355574131011963
4.531275749206543
4.35166072845459
4.770030975341797
4.2274580001831055
4.228376865386963
4.657594680786133
4.9145050048828125
4.426423072814941
4.632179260253906
4.486068248748779
4.540063381195068
4.700248718261719
4.392971515655518
4.481822490692139
4.3158464431762695
4.449033260345459
4.594717502593994
4.6750640869140625
4.345376014709473
4.626019477844238
4.195643424987793
4.216136932373047
4.593999862670898
4.7972612380981445
4.235764503479004
4.596786975860596
4.732444763183594
4.443418502807617
4.437442302703857
4.477685451507568
4.381722927093506
4.383030414581299
4.446384906768799
4.477254867553711
4.384500503540039
4.111888408660889
4.474896430969238
4.45497989654541
4.443219184875488
4.180258750915527
4.529582977294922
4.468259811401367
4.380928993225098
4.80143928527832
4.544930458068848
4.379763603210449
4.7993974685668945
