2.563002586364746
2.2631020545959473
2.4246938228607178
2.3857858180999756
2.473877191543579
2.1639552116394043
2.463820457458496
2.7486557960510254
2.3175785541534424
2.180323600769043
2.4659407138824463
2.9768736362457275
2.888821601867676
2.612222671508789
3.211439847946167
2.8029065132141113
2.49416446685791
2.8287510871887207
2.31196665763855
3.09045147895813
2.5033490657806396
2.642646312713623
2.505950689315796
2.1793558597564697
2.7228527069091797
2.831197500228882
2.9093210697174072
2.682004451751709
2.9049365520477295
2.486177921295166
2.331860065460205
2.2829275131225586
2.9746785163879395
2.4129481315612793
2.57558536529541
3.050370931625366
2.506723165512085
2.755571126937866
2.4592833518981934
2.615088939666748
2.1832220554351807
2.573749542236328
2.658294439315796
2.7049551010131836
2.4758760929107666
2.5210981369018555
2.5247275829315186
2.3998892307281494
2.360119104385376
2.3024933338165283
2.6605005264282227
2.65046763420105
2.4329590797424316
2.8978967666625977
2.6659624576568604
2.6132307052612305
2.750494956970215
2.1884937286376953
2.3907833099365234
2.305685043334961
2.2978925704956055
2.388634204864502
2.4566378593444824
2.2969813346862793
2.436016082763672
2.534747838973999
2.5175132751464844
2.327101945877075
2.3649368286132812
2.3277618885040283
2.408778667449951
2.4945473670959473
2.5796098709106445
2.5304343700408936
2.1992807388305664
2.437492609024048
2.635693311691284
2.417877435684204
2.2065980434417725
2.236588954925537
2.345923900604248
2.518017530441284
3.086995840072632
2.3593993186950684
2.6935176849365234
2.360257625579834
2.609107732772827
2.394665479660034
2.8893516063690186
2.5016028881073
2.3496081829071045
2.6397624015808105
2.426457405090332
2.239572048187256
2.355015754699707
2.66831636428833
2.4323818683624268
2.8025474548339844
2.4874227046966553
2.5188779830932617
2.776578187942505
3.10048770904541
2.0189201831817627
2.42368483543396
2.5150701999664307
2.3258309364318848
3.18953013420105
2.4882051944732666
2.3560571670532227
2.2182791233062744
3.1524641513824463
2.368056535720825
2.2089271545410156
2.2804758548736572
3.030782699584961
2.362241268157959
2.3248019218444824
2.9966773986816406
2.2560760974884033
2.470268487930298
2.599787712097168
2.1718201637268066
2.8103487491607666
2.162935495376587
3.1694295406341553
2.5122432708740234
2.4120044708251953
2.414400815963745
2.379937171936035
2.4601521492004395
2.1988754272460938
2.2688519954681396
2.3841753005981445
2.0729329586029053
2.3693349361419678
2.422224521636963
2.2919771671295166
2.55228590965271
2.244995594024658
2.456604480743408
2.6620430946350098
2.2504940032958984
2.2796661853790283
2.211790084838867
2.334580659866333
2.2982406616210938
2.3454272747039795
2.2712926864624023
2.5101592540740967
2.715346574783325
2.138260841369629
2.39494252204895
2.0536208152770996
2.670318603515625
2.3992085456848145
2.178273916244507
2.241236925125122
2.3236913681030273
2.1431479454040527
2.2446529865264893
2.6438724994659424
2.476682424545288
2.3465747833251953
2.1421875953674316
2.2298054695129395
2.2804555892944336
2.1489038467407227
2.1930582523345947
2.0765395164489746
2.2402870655059814
2.23909854888916
2.409229278564453
2.432971239089966
2.3258306980133057
2.2216882705688477
2.2279396057128906
2.2677321434020996
2.4013047218322754
2.1455435752868652
2.3143794536590576
2.3324739933013916
2.333674907684326
2.199798345565796
2.3107569217681885
2.435699462890625
2.0358312129974365
2.2901625633239746
2.309904098510742
2.183574676513672
2.226555347442627
2.2791576385498047
2.193182945251465
2.134340524673462
2.3989615440368652
2.797219753265381
2.3741891384124756
2.3832154273986816
2.341538667678833
2.3820571899414062
2.818800210952759
2.855459451675415
2.2211709022521973
2.5532288551330566
2.2950634956359863
2.719513416290283
2.363924264907837
2.355271577835083
2.2965290546417236
2.3528695106506348
2.564453601837158
2.6268014907836914
2.2162046432495117
2.5584144592285156
1.9478678703308105
2.007514476776123
2.371095657348633
2.0253496170043945
1.9897223711013794
2.304378032684326
2.2331295013427734
2.747507333755493
2.4189703464508057
2.324115753173828
2.0762131214141846
2.0854384899139404
2.363168478012085
2.1995041370391846
2.584686517715454
2.257033348083496
2.1911818981170654
2.5954902172088623
2.0603187084198
1.9964838027954102
2.166513204574585
2.1918327808380127
2.2731430530548096
1.9870768785476685
2.348663091659546
2.3752572536468506
2.1159274578094482
2.4441518783569336
2.310624122619629
1.9159388542175293
2.3421740531921387
2.55122971534729
2.2933688163757324
2.564614772796631
2.4985640048980713
2.7014176845550537
2.0924482345581055
2.1146984100341797
2.136445999145508
2.284970998764038
2.4944357872009277
2.1278464794158936
3.096112012863159
2.7586395740509033
2.2791271209716797
2.2035670280456543
2.3100321292877197
2.5038700103759766
2.305476665496826
2.519329071044922
2.2674596309661865
2.19484543800354
2.2999284267425537
2.24469256401062
1.8671135902404785
2.730846643447876
2.0295000076293945
2.2436511516571045
2.146660566329956
2.3904640674591064
1.8697524070739746
2.351263999938965
2.304234027862549
2.24586820602417
2.2128076553344727
2.166048049926758
2.249718189239502
2.064375877380371
2.2284414768218994
2.1804819107055664
2.4625349044799805
2.223503589630127
2.2554056644439697
2.3976333141326904
2.3803977966308594
2.417879819869995
2.1196820735931396
2.394139289855957
1.9688224792480469
2.1103389263153076
2.0660922527313232
2.3437163829803467
2.2818470001220703
2.0337796211242676
2.194352388381958
1.9528638124465942
2.0799667835235596
2.1832916736602783
2.1427767276763916
2.078782558441162
2.5013370513916016
2.5406575202941895
2.132533550262451
2.3819198608398438
2.2874021530151367
2.2761216163635254
2.176861047744751
2.145914077758789
2.034018039703369
2.1942079067230225
2.7077105045318604
2.0168941020965576
2.2538046836853027
2.592642068862915
2.7384397983551025
2.081308603286743
2.674572467803955
1.9779433012008667
2.300025463104248
2.6900768280029297
2.199178457260132
2.883634567260742
2.551912546157837
2.729348659515381
3.091569185256958
2.2706375122070312
3.253359079360962
2.8032920360565186
2.2169742584228516
3.508211612701416
2.537719964981079
2.8101086616516113
2.98181414604187
2.750143051147461
2.5451343059539795
2.2873475551605225
2.482999563217163
3.4072110652923584
2.525970458984375
2.279299020767212
2.443514108657837
2.982499361038208
2.456918239593506
2.5481302738189697
2.2592051029205322
2.354755163192749
2.585771083831787
2.4130029678344727
2.189244031906128
2.3337130546569824
2.392853260040283
2.444772720336914
2.8470211029052734
2.6395890712738037
2.724682331085205
3.265186309814453
2.54406476020813
2.5990726947784424
2.3718647956848145
2.0577096939086914
2.2453715801239014
2.788445472717285
2.2864673137664795
2.1681015491485596
2.4942820072174072
2.1702914237976074
2.2990541458129883
2.5208547115325928
2.3321921825408936
2.4047677516937256
2.5098073482513428
2.277306318283081
2.4430811405181885
2.604663848876953
2.667208194732666
2.2262089252471924
2.3812320232391357
2.2412467002868652
2.1236135959625244
2.572442054748535
2.207181930541992
2.3692753314971924
2.6328320503234863
2.1735787391662598
2.590175151824951
2.139476776123047
2.6942222118377686
2.7372796535491943
2.0705959796905518
2.2067034244537354
2.2603871822357178
2.4696905612945557
3.0979769229888916
2.491873264312744
2.597738265991211
2.2179038524627686
2.5526185035705566
2.1787004470825195
2.446160316467285
2.3911616802215576
2.8797385692596436
2.276407241821289
2.273831844329834
2.8669352531433105
2.764530658721924
2.232992649078369
2.165328025817871
2.21785569190979
2.38720440864563
2.307748794555664
2.825481414794922
2.40230655670166
2.300462484359741
2.264491319656372
2.1646969318389893
2.5894076824188232
2.4752864837646484
2.014188051223755
2.94600772857666
2.1819536685943604
2.2850239276885986
2.2795569896698
2.156564950942993
2.6466031074523926
2.5807878971099854
2.3240487575531006
2.1672322750091553
2.819549322128296
2.510782480239868
2.269895315170288
2.0824038982391357
2.475444793701172
2.3245060443878174
2.2653002738952637
2.21394419670105
2.225482702255249
2.3327248096466064
2.1089391708374023
1.974242091178894
2.238429307937622
2.9801485538482666
2.4085681438446045
2.0370898246765137
2.1249401569366455
2.403230905532837
2.3749513626098633
2.283550977706909
2.1683602333068848
2.3183202743530273
2.5989160537719727
2.114926815032959
2.1460375785827637
2.3830201625823975
2.062591552734375
2.4992470741271973
2.357313394546509
2.1133744716644287
2.0572023391723633
2.8529698848724365
2.126883029937744
2.2678143978118896
2.306180715560913
2.5400338172912598
2.3137564659118652
2.1884028911590576
2.2854599952697754
2.5048444271087646
2.2681822776794434
2.5523605346679688
2.2231764793395996
2.5970168113708496
2.238528251647949
2.2225677967071533
2.5099189281463623
2.4364330768585205
2.7019546031951904
2.6050148010253906
2.2532167434692383
2.2011876106262207
2.713834285736084
2.3253543376922607
2.205120325088501
2.4717283248901367
2.3317313194274902
2.1360650062561035
2.0974810123443604
2.509221076965332
1.9896161556243896
1.9997761249542236
2.1256160736083984
2.116239547729492
2.1168253421783447
2.1843698024749756
2.342200517654419
2.317549467086792
2.6020419597625732
2.230903387069702
2.082993984222412
2.501232385635376
2.5707476139068604
2.176811695098877
2.3427538871765137
2.104743719100952
2.514638662338257
1.9566558599472046
2.135930061340332
2.2350335121154785
2.2606475353240967
2.105436086654663
2.137484550476074
2.206331968307495
1.9809373617172241
2.3806474208831787
2.7127115726470947
2.4766733646392822
2.1892337799072266
2.2441413402557373
1.831697702407837
2.3163418769836426
2.219200611114502
2.3817238807678223
2.360305070877075
3.009636640548706
2.0705227851867676
2.126565933227539
2.727933406829834
2.318164587020874
2.1368136405944824
2.1402499675750732
1.8049310445785522
2.881284475326538
2.507633686065674
2.080495595932007
2.0562798976898193
2.8807458877563477
2.6067583560943604
2.2439804077148438
2.625115394592285
2.562135934829712
2.5842719078063965
2.767385244369507
2.414844274520874
2.2725377082824707
2.4853720664978027
2.3235819339752197
2.1880886554718018
2.308260679244995
2.4634218215942383
2.5082435607910156
2.4802002906799316
2.441528797149658
2.2343804836273193
2.263662815093994
2.5540390014648438
2.657453775405884
2.62158203125
2.2751476764678955
2.4448068141937256
2.2562859058380127
2.259488821029663
2.286383867263794
2.259528398513794
2.510859966278076
2.1504623889923096
2.234245777130127
3.058786630630493
2.6730430126190186
2.498323678970337
2.19585919380188
2.282635450363159
2.4941670894622803
2.4459404945373535
2.289369821548462
2.152956485748291
2.3192195892333984
2.4203362464904785
2.649183750152588
2.2385425567626953
2.196511745452881
2.2427921295166016
2.317739248275757
2.4391722679138184
2.2974369525909424
2.105433940887451
2.537710189819336
2.2703969478607178
2.1252310276031494
1.9815133810043335
2.189572334289551
2.64243745803833
2.2277584075927734
2.1781129837036133
2.5395429134368896
3.0947794914245605
2.8647654056549072
2.160085916519165
2.5238754749298096
2.4067025184631348
2.3613922595977783
2.352480173110962
2.172755479812622
2.4168097972869873
2.2717478275299072
2.5908279418945312
1.8843271732330322
2.4214327335357666
2.220283031463623
2.6238303184509277
2.826303243637085
2.6157870292663574
2.5217196941375732
2.5282750129699707
2.1620967388153076
2.2566421031951904
2.2692580223083496
2.3611645698547363
2.289003372192383
2.932211399078369
2.5927600860595703
2.3776111602783203
2.8862786293029785
2.5139262676239014
2.376445770263672
2.4367706775665283
2.3294994831085205
2.2759993076324463
2.1857986450195312
2.250563621520996
2.081834077835083
2.2477545738220215
2.267656087875366
2.3567936420440674
2.2912380695343018
2.2926084995269775
2.78513765335083
2.1116976737976074
2.2146880626678467
2.238189458847046
2.223107099533081
2.2299997806549072
2.9584856033325195
2.775765895843506
2.4185471534729004
2.214404821395874
2.2466979026794434
2.2910096645355225
2.9689600467681885
2.260970115661621
2.2490477561950684
2.229579448699951
2.1378374099731445
2.008162260055542
2.4367733001708984
2.1177902221679688
2.004364490509033
2.03296160697937
2.402750015258789
2.1365816593170166
2.8250908851623535
2.456847906112671
2.061310291290283
2.2749276161193848
2.323237657546997
2.2232155799865723
2.3347434997558594
2.760220766067505
2.4547064304351807
2.350811243057251
2.728057384490967
2.140178918838501
2.47727108001709
2.2348992824554443
2.089927911758423
2.1644320487976074
2.324436664581299
2.0308055877685547
2.162285327911377
2.3722708225250244
2.028686285018921
2.255821943283081
1.9797489643096924
2.6637063026428223
2.686835527420044
2.3053226470947266
2.4659719467163086
2.8471763134002686
2.5576066970825195
2.332810401916504
2.1602113246917725
1.994369626045227
2.3164994716644287
2.3606410026550293
2.07877779006958
2.5032594203948975
2.230949640274048
2.689152240753174
1.883445143699646
2.097865104675293
2.065275192260742
2.2603564262390137
2.1583549976348877
2.355719566345215
2.174877643585205
2.4002811908721924
2.391021728515625
2.6897664070129395
2.444078207015991
2.134539842605591
2.1998839378356934
2.1235415935516357
2.0622751712799072
2.2528111934661865
2.063173532485962
2.1141068935394287
2.171675205230713
2.3265814781188965
2.1254851818084717
2.5567657947540283
2.680372953414917
2.487344741821289
2.156038999557495
2.0708305835723877
2.208372116088867
2.533987283706665
2.666332721710205
1.9946153163909912
2.6292929649353027
2.6004228591918945
2.2198503017425537
2.3281211853027344
2.1063249111175537
1.9038387537002563
2.4485666751861572
1.872365951538086
1.9330936670303345
2.394223690032959
2.0736277103424072
2.4003255367279053
2.2076408863067627
2.434018611907959
2.597734212875366
2.0662496089935303
2.1622939109802246
2.222813129425049
2.1091954708099365
1.8544560670852661
2.3963518142700195
2.1169676780700684
2.235534429550171
2.064954996109009
2.120213270187378
2.0019590854644775
2.1434991359710693
2.4126060009002686
2.9803950786590576
2.6971068382263184
2.035344123840332
2.5322725772857666
2.101074457168579
2.8838229179382324
2.151501417160034
2.5554771423339844
1.926725149154663
2.6041126251220703
2.127788543701172
2.6081387996673584
2.3006138801574707
2.3761489391326904
1.8852829933166504
2.33217453956604
2.343940019607544
2.649353504180908
2.1918046474456787
2.256040573120117
2.1506190299987793
2.3879995346069336
2.9563968181610107
2.2477312088012695
3.1031134128570557
2.2518556118011475
2.1654608249664307
2.1624341011047363
2.5048115253448486
2.867821216583252
2.3530097007751465
2.341789960861206
2.4372363090515137
2.3523640632629395
2.4383695125579834
2.364043951034546
1.8191405534744263
2.2331230640411377
2.4292383193969727
2.328880548477173
2.732191562652588
2.363931179046631
2.4625425338745117
2.41471791267395
2.3836066722869873
2.5510358810424805
2.3494186401367188
2.446610450744629
2.3330471515655518
2.345365524291992
2.315107822418213
2.268134593963623
2.6375303268432617
2.490814208984375
2.1921021938323975
2.319995641708374
2.103994369506836
2.2418668270111084
2.264477014541626
2.506288766860962
2.2970473766326904
2.121919870376587
2.1384899616241455
2.248189687728882
2.53853702545166
2.230039596557617
2.1486222743988037
2.0859694480895996
1.9806112051010132
2.2560672760009766
2.2724297046661377
2.550773859024048
2.345519781112671
2.39243221282959
3.1376852989196777
2.3244500160217285
2.054733991622925
2.201751232147217
2.243722438812256
2.8412790298461914
2.640695571899414
2.2853987216949463
2.22074294090271
2.21718692779541
2.5285990238189697
2.264755964279175
2.3626701831817627
2.350332260131836
2.3909003734588623
2.3573412895202637
2.2061262130737305
2.462491273880005
2.4539835453033447
2.234419584274292
2.2041430473327637
2.2952487468719482
2.162654399871826
2.3068315982818604
2.336970329284668
2.6847472190856934
2.4068291187286377
2.470095157623291
2.631075859069824
2.3351151943206787
2.7434349060058594
2.2219691276550293
2.8966100215911865
2.4279000759124756
2.562317371368408
2.657336711883545
2.4575700759887695
2.3676698207855225
2.1366078853607178
2.1508660316467285
2.637995719909668
1.8334527015686035
2.5832555294036865
2.2612876892089844
2.396444082260132
1.956801414489746
2.4565134048461914
2.0080337524414062
2.2384066581726074
1.9368020296096802
2.213003635406494
2.250476121902466
2.0926904678344727
2.073746681213379
2.0966837406158447
2.0520989894866943
2.2300643920898438
2.349597215652466
3.046555757522583
2.14090895652771
2.205719232559204
1.9853408336639404
3.242302417755127
2.0963172912597656
2.076319932937622
2.0313620567321777
2.9874534606933594
2.3354153633117676
2.1480236053466797
2.3810253143310547
2.085268974304199
2.1004176139831543
1.9482450485229492
2.345531702041626
2.1650142669677734
1.9078009128570557
2.0849649906158447
3.0832738876342773
2.2770919799804688
2.2669997215270996
2.417309522628784
2.192456007003784
2.122211217880249
2.0735974311828613
2.1100528240203857
2.003741502761841
2.094034194946289
2.399524211883545
2.8754703998565674
2.0459890365600586
2.0319995880126953
2.059326648712158
2.121365785598755
2.3588593006134033
2.2098734378814697
2.1774871349334717
2.014167308807373
2.4686696529388428
2.7074148654937744
2.358673334121704
2.6344356536865234
2.5247185230255127
1.9946248531341553
2.2502293586730957
2.2400825023651123
2.0559446811676025
2.1483469009399414
2.165724992752075
2.2645010948181152
2.2889246940612793
2.2920827865600586
2.296376943588257
2.0806784629821777
2.6201391220092773
2.5643692016601562
2.24434757232666
2.1062519550323486
2.141429901123047
2.1595218181610107
2.2523980140686035
2.06897234916687
2.0301437377929688
2.310826063156128
2.2234280109405518
2.192406177520752
2.150063991546631
2.5495853424072266
2.55884051322937
2.1686651706695557
2.2184853553771973
2.1022517681121826
2.659186840057373
3.0648081302642822
2.4989891052246094
2.2400708198547363
2.1742331981658936
2.3274624347686768
2.296307325363159
2.1187124252319336
2.5195000171661377
2.1120855808258057
2.1411373615264893
2.3020803928375244
2.263643264770508
2.379594564437866
2.0892770290374756
2.016842842102051
2.2108709812164307
2.2237772941589355
2.249063014984131
2.457430839538574
2.706350326538086
2.1263272762298584
2.135179042816162
2.543250560760498
2.052365303039551
2.0489914417266846
2.309621810913086
2.215322494506836
2.3659496307373047
2.3657150268554688
2.3387277126312256
2.7274794578552246
2.2780964374542236
2.566457748413086
2.3666136264801025
2.408829927444458
2.4522743225097656
1.8882598876953125
2.22087025642395
2.2086431980133057
2.0867867469787598
1.8202385902404785
2.514838695526123
2.1637344360351562
2.7088394165039062
2.223600149154663
2.5481038093566895
2.654877185821533
2.29534649848938
2.643343448638916
2.311969757080078
2.100290298461914
2.786153554916382
2.3292791843414307
3.0712368488311768
2.3634421825408936
2.2408931255340576
2.3373963832855225
2.2067604064941406
2.361196517944336
2.67622971534729
2.632713556289673
2.3743855953216553
2.490035057067871
2.273958683013916
2.243852376937866
2.0870754718780518
3.0607750415802
1.7220218181610107
2.4454333782196045
2.4994418621063232
2.3141183853149414
2.2250568866729736
2.149178981781006
2.1918842792510986
2.4627485275268555
3.0020554065704346
2.3947105407714844
2.2527389526367188
2.3728201389312744
2.800619602203369
2.705385684967041
2.2531707286834717
2.1197972297668457
2.9213390350341797
2.384629964828491
2.6025302410125732
2.1808221340179443
2.13742733001709
2.135160446166992
2.496159076690674
2.265094518661499
2.156630516052246
2.163783311843872
2.1657464504241943
2.126620054244995
2.6075007915496826
2.1442809104919434
2.4708569049835205
2.405635118484497
2.2966971397399902
2.0607495307922363
2.159890651702881
2.0075647830963135
2.3965420722961426
2.229585647583008
2.5843751430511475
2.2121078968048096
2.2362358570098877
2.2775983810424805
2.324327230453491
2.4422576427459717
2.4975998401641846
2.1577823162078857
2.2043566703796387
2.326353073120117
2.3251419067382812
2.28690242767334
1.9658704996109009
1.8035955429077148
1.8213155269622803
2.017052173614502
1.9173260927200317
2.2115209102630615
1.8170534372329712
1.9072766304016113
2.0874900817871094
2.0365631580352783
2.6717941761016846
2.0022287368774414
1.7268903255462646
2.269408941268921
2.024611473083496
1.7629005908966064
2.0954558849334717
2.051788330078125
2.025404691696167
2.3208158016204834
1.8320786952972412
1.914973497390747
2.226916551589966
2.085775852203369
2.087174654006958
2.357783555984497
2.5619096755981445
1.910936713218689
2.241670846939087
1.830845594406128
2.0290446281433105
2.311431884765625
2.5003836154937744
2.281870126724243
2.6869332790374756
2.356914758682251
2.1945595741271973
2.196793556213379
2.1464784145355225
2.1518359184265137
1.8672363758087158
2.104062080383301
2.565884590148926
2.154355764389038
2.0528769493103027
1.9922740459442139
2.1483397483825684
2.0376925468444824
1.953428864479065
2.0964958667755127
2.383307456970215
2.2921342849731445
2.0349950790405273
2.104912042617798
2.071871519088745
2.577131986618042
1.8533884286880493
2.285217046737671
2.1996147632598877
2.020695447921753
2.1019020080566406
2.694795846939087
1.9522556066513062
2.195472478866577
2.163968801498413
2.5520575046539307
2.0019755363464355
2.015014171600342
2.7756776809692383
2.0099945068359375
1.9878426790237427
2.2103028297424316
2.69937801361084
2.5719122886657715
1.9442615509033203
2.2244505882263184
2.0349295139312744
2.327522039413452
2.229365825653076
2.1256041526794434
2.2378792762756348
2.0648462772369385
2.5711777210235596
2.9702510833740234
2.1675326824188232
1.901991605758667
2.119546413421631
2.0632760524749756
2.408968448638916
2.1895158290863037
2.1292998790740967
2.144843816757202
2.566924810409546
2.1190357208251953
2.1772336959838867
2.1714813709259033
2.112370014190674
1.9554502964019775
3.0326874256134033
2.4837677478790283
2.6250901222229004
1.9428960084915161
2.7274272441864014
2.1895549297332764
2.1259260177612305
2.6735565662384033
2.429178237915039
2.190534830093384
2.336581230163574
2.2155308723449707
2.551870822906494
2.6363329887390137
2.460458517074585
1.7106844186782837
2.131598949432373
2.2883055210113525
2.2434449195861816
2.576223611831665
2.7497334480285645
2.616330623626709
3.0976386070251465
2.3123998641967773
2.1020102500915527
2.536395788192749
2.2317821979522705
2.2298359870910645
2.232764720916748
2.2908332347869873
2.4612088203430176
2.6206157207489014
2.716869831085205
2.554337978363037
2.319927215576172
2.4277095794677734
2.6789870262145996
2.4729526042938232
2.327420949935913
2.159771203994751
2.3501899242401123
2.5625391006469727
2.228900671005249
2.3286869525909424
2.3195290565490723
2.562253713607788
3.095845937728882
2.660935163497925
2.780824661254883
2.3905141353607178
2.4982190132141113
2.2406113147735596
2.7072315216064453
2.616516590118408
2.384920835494995
2.6182546615600586
2.5274171829223633
2.2128608226776123
3.037325143814087
2.465081214904785
2.296471118927002
2.272336483001709
2.3901171684265137
2.991396903991699
2.5993738174438477
2.418743848800659
2.5163393020629883
2.4363837242126465
3.092864990234375
2.3628854751586914
2.424689292907715
2.3882644176483154
2.6640565395355225
2.4768552780151367
2.3811943531036377
2.479412078857422
2.5474460124969482
2.5362179279327393
2.3555123805999756
2.337714195251465
2.231577157974243
2.4255430698394775
2.6709933280944824
2.1919877529144287
2.7253994941711426
2.4768154621124268
2.355847120285034
2.7624311447143555
2.1211843490600586
2.4021449089050293
2.1984269618988037
2.2612802982330322
2.5852739810943604
2.145477294921875
2.6219959259033203
2.4933855533599854
2.253047227859497
2.552629232406616
2.4626238346099854
2.193917989730835
2.5434930324554443
2.35571026802063
2.1689209938049316
2.2385411262512207
2.1686766147613525
2.3090360164642334
2.123445987701416
2.177894115447998
2.203781843185425
2.389647960662842
2.1813957691192627
2.081494092941284
2.026646614074707
2.2893049716949463
2.158059597015381
2.6148767471313477
2.281017780303955
2.287215232849121
2.51186203956604
2.247593402862549
2.0167109966278076
1.9661049842834473
2.1303107738494873
2.2184970378875732
1.8355334997177124
1.924315094947815
2.0372707843780518
2.120161771774292
2.161756992340088
2.420234203338623
2.1580772399902344
2.1964335441589355
1.7201809883117676
2.083359718322754
1.944309115409851
2.2208054065704346
1.9075901508331299
1.7376006841659546
2.143056869506836
2.121366262435913
1.9679925441741943
2.2040305137634277
1.992319941520691
2.9667787551879883
1.9516109228134155
1.8923851251602173
2.198241710662842
2.0566108226776123
2.0030930042266846
2.6510355472564697
1.8120185136795044
1.9183882474899292
1.980853796005249
1.920229434967041
2.6979808807373047
2.1482348442077637
2.1505463123321533
2.4593942165374756
2.4633185863494873
2.1714649200439453
2.1095213890075684
1.7574526071548462
1.9721091985702515
2.3366620540618896
2.440199375152588
2.204691171646118
2.0773661136627197
1.8808445930480957
2.4017701148986816
2.0500988960266113
2.245717763900757
2.074265480041504
2.028275489807129
2.191465377807617
2.0312728881835938
2.057661294937134
2.038254499435425
2.1274027824401855
2.66288685798645
1.8562970161437988
2.0920965671539307
2.0993385314941406
2.0967681407928467
2.272665023803711
1.9232149124145508
2.366905450820923
2.3051741123199463
1.8524597883224487
2.2563118934631348
1.8808931112289429
1.929007887840271
1.8863269090652466
2.946828603744507
2.7909722328186035
2.0827486515045166
1.992771029472351
1.7712565660476685
2.8431625366210938
1.7206231355667114
2.2703590393066406
2.3502449989318848
2.4052741527557373
2.2581310272216797
2.1268107891082764
2.269026279449463
2.376246690750122
1.8251572847366333
2.2957818508148193
2.0454695224761963
1.960257649421692
1.828680396080017
1.8434487581253052
2.1266777515411377
1.7093956470489502
2.131847620010376
1.9770864248275757
1.9337791204452515
1.6954582929611206
2.15574049949646
2.0343141555786133
2.2659599781036377
2.0894360542297363
2.2945773601531982
2.0446009635925293
2.2223751544952393
2.1660590171813965
2.4498777389526367
2.1994335651397705
1.9437861442565918
2.4557039737701416
1.962790608406067
2.0360429286956787
1.9276541471481323
2.149000406265259
2.8919928073883057
2.1746814250946045
2.0608508586883545
2.4218528270721436
2.401588201522827
2.1749894618988037
2.773014783859253
2.0643725395202637
2.165071964263916
2.26778507232666
2.0675716400146484
2.2786192893981934
2.0752673149108887
2.3043501377105713
1.8944543600082397
2.323155164718628
2.11277174949646
2.2206411361694336
1.9807794094085693
2.359813928604126
2.1157639026641846
1.9806462526321411
1.9332283735275269
2.1528666019439697
2.3345491886138916
1.956092357635498
2.7651901245117188
2.2791028022766113
2.3395438194274902
2.045787811279297
2.2211618423461914
2.4613094329833984
2.099382162094116
2.210503101348877
2.00653076171875
2.2457282543182373
2.006803512573242
1.919276237487793
2.3305368423461914
2.177030324935913
1.802709937095642
1.8948826789855957
2.013288736343384
2.109938859939575
2.6344120502471924
2.356329917907715
2.022855520248413
1.8666614294052124
2.1268253326416016
2.5678305625915527
2.020312547683716
2.1558594703674316
1.6162108182907104
1.981668472290039
2.1964409351348877
1.6784125566482544
2.261720657348633
1.9120172262191772
2.188019037246704
1.8931410312652588
2.0745060443878174
2.391916275024414
2.218733310699463
2.1061465740203857
1.9670445919036865
2.0544183254241943
1.9858018159866333
1.987322211265564
2.3737263679504395
2.1372931003570557
2.101992130279541
2.590413808822632
2.04152774810791
2.078855037689209
2.3103160858154297
2.34196138381958
2.1012039184570312
2.661407470703125
2.1760833263397217
2.231066942214966
2.1099555492401123
2.9706339836120605
2.291947364807129
2.7828123569488525
2.010899305343628
2.0586624145507812
2.0934157371520996
2.1691954135894775
2.117753505706787
2.0072498321533203
2.1122307777404785
2.1017117500305176
2.121866226196289
2.2291464805603027
2.025782823562622
2.0756869316101074
2.1090288162231445
2.2861266136169434
2.2259912490844727
2.866659164428711
1.8279504776000977
2.311645030975342
1.9324227571487427
1.8615695238113403
2.4560415744781494
1.6515913009643555
2.3260390758514404
1.7977323532104492
2.084043264389038
1.9611749649047852
2.35217022895813
2.3749747276306152
1.940306305885315
1.702386498451233
1.8739150762557983
1.8059120178222656
2.1177971363067627
2.2509586811065674
1.9884047508239746
2.1075985431671143
2.0088584423065186
1.8698132038116455
1.7811360359191895
2.436854362487793
2.069693088531494
2.221072196960449
1.9999849796295166
2.25089693069458
2.070739269256592
1.8760745525360107
2.1135823726654053
1.765373706817627
2.2298367023468018
2.434033155441284
1.9163137674331665
2.4331753253936768
2.02506947517395
2.394881248474121
2.0120651721954346
2.2617461681365967
1.7781416177749634
2.103433609008789
2.005007028579712
2.013216733932495
1.671522855758667
2.0882413387298584
2.0445516109466553
2.004031181335449
2.0409529209136963
1.9881806373596191
2.3570809364318848
1.9544360637664795
1.925828218460083
2.304335117340088
1.8525952100753784
2.0766725540161133
2.327610969543457
2.115532398223877
2.053835391998291
2.263343334197998
2.5111920833587646
2.3260116577148438
2.005124807357788
2.055485486984253
1.9409571886062622
2.1813924312591553
1.9228225946426392
2.4047152996063232
2.3114569187164307
2.1213879585266113
2.2813668251037598
2.1066174507141113
1.9661808013916016
2.0592384338378906
2.091693162918091
2.2468128204345703
2.455160140991211
2.2702221870422363
1.945644497871399
2.0878796577453613
2.194793939590454
2.1643385887145996
1.937662124633789
1.8903707265853882
1.9480384588241577
2.525761365890503
1.909749150276184
1.7408208847045898
2.387056589126587
2.026909828186035
1.9907063245773315
1.9574882984161377
2.0683658123016357
2.1182563304901123
2.1253087520599365
1.779167890548706
1.9859310388565063
2.4061546325683594
2.1182544231414795
2.0573670864105225
2.3367931842803955
2.294935941696167
2.0190701484680176
1.8741583824157715
1.8459291458129883
1.9430575370788574
1.8621175289154053
2.1337082386016846
2.3399908542633057
2.055117130279541
1.9726735353469849
2.044048547744751
2.0713207721710205
1.99753999710083
2.2735555171966553
2.0595781803131104
2.278463125228882
2.1986443996429443
1.9158354997634888
1.8250428438186646
2.041278600692749
2.183452606201172
2.3434696197509766
2.1333858966827393
2.3094217777252197
2.7181828022003174
2.06546688079834
2.1668245792388916
2.6160659790039062
1.759889006614685
2.86305570602417
2.2958061695098877
2.6846256256103516
2.9290218353271484
2.5611445903778076
2.3863253593444824
2.1576147079467773
2.0101473331451416
2.090778350830078
2.3244264125823975
2.6819698810577393
2.149594306945801
2.027325391769409
2.8612778186798096
2.608532667160034
2.4333248138427734
2.054739475250244
2.0531365871429443
2.16568660736084
2.8136682510375977
2.5118870735168457
2.1099979877471924
2.314573287963867
2.1454381942749023
2.7293920516967773
2.2339365482330322
2.282334089279175
2.154679775238037
2.5494959354400635
2.722712755203247
2.4764206409454346
2.162402868270874
2.437706232070923
1.9968407154083252
2.119015693664551
2.074817657470703
2.124560594558716
2.20965313911438
2.3986124992370605
1.9642986059188843
2.360464096069336
2.4194633960723877
2.2370269298553467
2.958716869354248
2.3595805168151855
2.0892927646636963
2.398027181625366
2.115511655807495
2.8230395317077637
2.117316484451294
2.194598436355591
1.802126169204712
2.6839327812194824
1.9615349769592285
2.114753007888794
2.127779245376587
2.008242130279541
2.1471145153045654
2.0274949073791504
1.9273041486740112
2.1292810440063477
2.2912650108337402
2.1072118282318115
2.095917224884033
2.42582368850708
2.2657549381256104
2.068620204925537
2.1733696460723877
1.9218299388885498
2.405813217163086
2.4121997356414795
2.2201356887817383
2.088592052459717
2.224764585494995
2.2604570388793945
2.2415754795074463
2.2409088611602783
2.1639442443847656
2.015787363052368
1.6743704080581665
2.701810359954834
2.868173837661743
2.132500171661377
2.9715261459350586
2.0116841793060303
2.1917216777801514
2.3488945960998535
2.006714105606079
1.9679243564605713
1.8975679874420166
2.0899622440338135
2.4620118141174316
2.199207067489624
1.9006731510162354
2.5648694038391113
2.1403071880340576
1.8282811641693115
2.387967348098755
1.8632938861846924
1.8580529689788818
1.9385908842086792
2.2063393592834473
2.051407814025879
1.7856440544128418
2.2893598079681396
2.411216974258423
1.9360182285308838
2.6960744857788086
1.915477991104126
2.026040554046631
1.949109673500061
1.8801324367523193
2.19478440284729
2.1101059913635254
2.2277231216430664
2.380124568939209
2.4708971977233887
2.279633045196533
2.1963157653808594
2.071885824203491
2.1350340843200684
2.493746519088745
2.1075267791748047
2.067213773727417
1.735115885734558
1.9256184101104736
2.6946239471435547
2.1473677158355713
2.3098835945129395
2.076396942138672
2.7946712970733643
2.2775611877441406
2.840322256088257
2.027782917022705
1.9259910583496094
2.1360533237457275
2.0319933891296387
2.225991725921631
1.9995976686477661
2.272109270095825
2.566800117492676
1.824407935142517
1.9795910120010376
1.9920414686203003
2.147348403930664
1.95070481300354
1.4361929893493652
2.146515369415283
2.0288960933685303
1.9762722253799438
2.135864496231079
2.2301268577575684
2.113623857498169
2.238668918609619
2.041553258895874
2.0604021549224854
2.4338841438293457
1.861330509185791
2.549649477005005
2.0596370697021484
2.1619081497192383
2.0114777088165283
1.9459357261657715
2.1918840408325195
1.9366986751556396
2.297489643096924
2.046952962875366
2.7472448348999023
2.5553104877471924
2.2657792568206787
2.008474588394165
2.4431443214416504
2.2521562576293945
2.2349512577056885
2.4248249530792236
2.2634947299957275
1.98850679397583
2.0663840770721436
2.289775848388672
1.8998757600784302
1.7951754331588745
2.1511282920837402
2.384824752807617
2.206378698348999
2.288074016571045
2.200927257537842
2.0812439918518066
2.0956218242645264
2.3991339206695557
2.0247905254364014
2.0116066932678223
2.378324270248413
1.8994505405426025
2.12300443649292
2.154590368270874
2.213289737701416
2.3330671787261963
2.254903554916382
2.15980863571167
2.3877058029174805
3.0835297107696533
2.4110515117645264
2.574233293533325
2.5074617862701416
2.3382174968719482
2.291464328765869
2.203902006149292
1.9125336408615112
2.162776470184326
2.34299635887146
2.1511125564575195
2.492499351501465
2.1610946655273438
2.287391185760498
2.4166746139526367
2.402401924133301
1.9712022542953491
2.7393290996551514
2.240618944168091
2.072864294052124
2.324662208557129
2.5470337867736816
2.167085647583008
2.0323519706726074
2.028991937637329
1.978083610534668
1.960785984992981
2.637444257736206
2.0752463340759277
2.481318473815918
2.1039161682128906
2.3836140632629395
2.404111862182617
2.4029459953308105
2.154405355453491
2.136354684829712
2.134817600250244
2.3752617835998535
2.152536630630493
2.4501760005950928
2.0565969944000244
2.123361110687256
2.142711877822876
2.47271990776062
2.0358781814575195
2.212904691696167
2.570721387863159
1.9493319988250732
1.995599627494812
2.6289923191070557
2.219860553741455
2.2191097736358643
1.9939686059951782
2.009319543838501
2.0161211490631104
1.7509050369262695
2.3510847091674805
1.9108554124832153
2.2305049896240234
2.2486355304718018
2.107811212539673
2.1890838146209717
1.991075038909912
2.030268430709839
2.3062376976013184
2.32069730758667
2.5371201038360596
2.158369302749634
2.041886806488037
1.973785161972046
1.9507384300231934
2.127929449081421
3.005328893661499
2.2851309776306152
1.9037293195724487
1.9085333347320557
2.07395339012146
2.6716744899749756
2.213698387145996
1.9394162893295288
2.2250404357910156
2.2739882469177246
2.5807929039001465
2.3879525661468506
2.0899922847747803
2.4764864444732666
2.1497702598571777
2.369637966156006
2.034454822540283
2.2642486095428467
2.0681965351104736
2.051654815673828
1.9939448833465576
1.9439306259155273
2.0788114070892334
2.0828864574432373
2.5111031532287598
2.5378201007843018
1.9241276979446411
2.025911331176758
2.625499963760376
1.9837878942489624
1.8242590427398682
