5.550448417663574
5.522282123565674
5.450162887573242
5.3094658851623535
5.354375839233398
5.94694709777832
5.452773571014404
5.219392776489258
5.327118396759033
5.259915828704834
5.194458484649658
5.229649066925049
5.091627597808838
5.189148902893066
5.030050277709961
5.046109199523926
5.136101722717285
5.09790563583374
5.109359264373779
5.353959083557129
5.258705139160156
5.184368133544922
5.281103610992432
5.0463409423828125
5.137267112731934
5.275059223175049
5.143345832824707
5.159078121185303
5.068382263183594
5.068578243255615
5.021611213684082
5.050979137420654
5.0144572257995605
5.134562969207764
5.227146625518799
5.1797776222229
5.1067633628845215
5.088479995727539
5.038209438323975
4.939775466918945
4.935452461242676
4.880059719085693
5.253982067108154
4.978557586669922
4.963813781738281
5.064992904663086
4.95554780960083
5.062989711761475
4.901711463928223
4.881808757781982
4.711801528930664
4.825571060180664
4.77976131439209
5.353573322296143
5.637950420379639
4.822160243988037
5.030549049377441
5.073302268981934
5.037808895111084
4.94331169128418
4.897686004638672
4.897887229919434
5.0396504402160645
4.987729549407959
5.06704568862915
4.95407772064209
4.970811367034912
4.695889472961426
4.931909561157227
4.944606304168701
5.041165351867676
4.880571365356445
5.033634662628174
4.856952667236328
4.754272937774658
4.85284948348999
4.774011135101318
4.702544689178467
4.7338762283325195
4.767100811004639
4.6789960861206055
4.7903971672058105
4.8318986892700195
4.9491143226623535
4.7859206199646
4.558274745941162
5.600297451019287
4.6970319747924805
4.906533241271973
4.940082550048828
4.55672550201416
4.906318664550781
4.938823223114014
4.7819318771362305
4.532695770263672
4.610587120056152
4.600025177001953
4.754806041717529
4.624734401702881
4.830498695373535
4.629695892333984
4.665739059448242
4.848416328430176
4.546438694000244
5.007188320159912
4.743221759796143
4.779738903045654
4.766829490661621
4.690788269042969
4.8291826248168945
4.982934474945068
4.774853706359863
5.062374114990234
4.611300945281982
4.767799377441406
4.614410877227783
4.8036417961120605
4.710272789001465
4.809201717376709
4.677222728729248
4.668514728546143
4.578431129455566
4.678336143493652
4.868129253387451
4.723672866821289
4.595164775848389
4.599769115447998
4.50641393661499
4.924511909484863
4.644003391265869
4.808126926422119
5.019094944000244
4.70304012298584
4.574015140533447
4.6482038497924805
4.598433017730713
4.871121406555176
4.417590618133545
4.5363240242004395
4.747272491455078
4.491021633148193
4.675073146820068
4.537710189819336
4.9108805656433105
4.997802734375
4.659696578979492
4.7707366943359375
4.539992332458496
4.9375433921813965
4.7693681716918945
4.875483989715576
4.597348213195801
4.7892022132873535
4.9164605140686035
4.683595657348633
4.774476528167725
4.655711650848389
4.605156421661377
4.729178428649902
4.653441905975342
4.632312297821045
4.616518974304199
4.5198869705200195
4.5880889892578125
4.531213760375977
4.451049327850342
4.59224796295166
4.5646538734436035
4.489570617675781
4.629456996917725
4.768644332885742
4.843654155731201
4.5712175369262695
4.882637977600098
4.648406028747559
4.634596824645996
4.776885032653809
4.688907623291016
4.610329627990723
4.727535724639893
5.145015716552734
4.904110431671143
4.898489475250244
4.884321212768555
4.870800971984863
4.702305793762207
4.70039701461792
5.121514797210693
4.900035381317139
4.688074588775635
4.602698802947998
4.746923923492432
4.774230480194092
4.9678754806518555
4.700594902038574
4.660505294799805
4.838315486907959
4.64372444152832
4.467827796936035
4.580792427062988
4.579996585845947
4.771618366241455
4.407222747802734
4.4695868492126465
4.631386756896973
5.114797592163086
4.862901210784912
4.717599391937256
4.6540069580078125
4.432687282562256
4.748359680175781
4.477092266082764
4.408806324005127
4.626791477203369
4.840729236602783
4.702356815338135
4.834175109863281
4.706516742706299
4.811524868011475
4.8252363204956055
4.835064888000488
4.79583740234375
4.392652988433838
4.6307525634765625
4.92836332321167
4.491921901702881
4.529876232147217
4.440577507019043
4.512704849243164
4.680257797241211
4.422621726989746
4.402021408081055
4.505283832550049
4.743232250213623
4.575791835784912
4.88332986831665
4.582957744598389
4.64190673828125
4.537042617797852
4.446759223937988
4.574977874755859
4.644103527069092
4.503340244293213
4.73357629776001
4.683222770690918
4.6638970375061035
4.69775390625
4.261971950531006
4.283095359802246
4.400572776794434
4.923872470855713
4.377835273742676
4.33550500869751
4.624194622039795
4.437009334564209
5.089702129364014
4.662515163421631
4.959543228149414
4.589724540710449
4.510775089263916
4.612801551818848
4.736335277557373
4.55117654800415
4.734645366668701
4.50244665145874
4.32963228225708
4.864022254943848
4.7278218269348145
4.753816604614258
4.3779826164245605
4.624898910522461
4.351763725280762
4.720579147338867
4.729220390319824
4.554198265075684
4.570034503936768
4.788086891174316
4.442768573760986
4.762017726898193
4.711867809295654
4.51515007019043
4.429506778717041
4.463679790496826
4.952317237854004
4.581696510314941
4.643820285797119
4.782032489776611
4.617268085479736
4.74268102645874
4.528015613555908
4.480809211730957
4.571534633636475
4.465462684631348
4.575501441955566
4.50985860824585
4.357550621032715
4.596869468688965
4.615577697753906
4.658754825592041
4.571439743041992
4.694122791290283
4.598709583282471
4.4907989501953125
4.5132060050964355
4.245141506195068
4.442300319671631
4.505697250366211
4.460692882537842
4.48191499710083
4.607937812805176
4.2400970458984375
4.419226169586182
4.729033470153809
4.437497615814209
4.708694934844971
4.315789699554443
4.47134256362915
4.462770938873291
4.407783508300781
4.3046488761901855
4.430610179901123
4.440981388092041
4.512204170227051
4.534122943878174
4.27993631362915
4.594252109527588
4.645632266998291
4.4672980308532715
4.654032230377197
4.47114896774292
4.740964412689209
4.69135856628418
4.653853416442871
4.456739902496338
4.5109124183654785
4.449453353881836
4.480391502380371
4.67230749130249
4.539974212646484
4.530545234680176
4.833738327026367
4.387303352355957
4.730710983276367
4.4305291175842285
4.735538005828857
5.356942653656006
4.536046981811523
4.908001899719238
4.736142158508301
4.542801380157471
4.624009132385254
4.832150936126709
4.7923150062561035
4.5204033851623535
4.7725911140441895
4.874589920043945
4.533141613006592
4.617064476013184
4.738117694854736
4.884835720062256
4.513213634490967
4.445860862731934
4.615451335906982
4.583848476409912
4.866216659545898
4.586595058441162
4.476853847503662
4.500472545623779
4.585627555847168
4.692854881286621
4.423816680908203
4.62199592590332
4.554956436157227
4.444804668426514
4.593070983886719
4.404117107391357
4.338928699493408
4.4977569580078125
4.352551460266113
4.499409198760986
4.310042858123779
5.065825939178467
4.273731231689453
4.335996627807617
4.3436126708984375
4.869319915771484
4.673957347869873
4.208985328674316
4.375380516052246
4.708166599273682
4.759785175323486
4.454126834869385
4.32322359085083
4.288669586181641
4.404048919677734
4.465292453765869
4.536430358886719
4.8393025398254395
4.399193286895752
4.238778114318848
4.303515434265137
4.358558177947998
4.4510650634765625
4.6321940422058105
4.538622856140137
4.449018478393555
4.452571392059326
4.43436336517334
4.326177597045898
4.2871503829956055
4.516603946685791
4.586921215057373
4.566078186035156
4.578396797180176
4.623852252960205
4.336378574371338
4.438901424407959
4.801206111907959
4.093708515167236
4.686071395874023
4.393021583557129
4.711114406585693
4.705954551696777
4.518657207489014
4.709784984588623
4.259057521820068
4.317665100097656
4.571167945861816
4.7356276512146
4.591403961181641
4.361638069152832
4.436667442321777
4.547955513000488
4.886658668518066
4.381719589233398
4.2951531410217285
4.495803356170654
4.403842926025391
4.303733825683594
4.408507347106934
4.6126708984375
4.260855674743652
4.390823841094971
4.484994888305664
4.380796909332275
4.543270111083984
4.2616190910339355
4.606765270233154
4.808837413787842
4.458305835723877
4.42715311050415
4.405851364135742
4.300876617431641
4.29581880569458
4.539637565612793
4.8807878494262695
4.256729602813721
4.374022006988525
4.660804271697998
4.622130393981934
4.544017791748047
4.315049648284912
4.2892842292785645
4.367588043212891
4.902068614959717
4.47069787979126
4.322383880615234
4.378922462463379
4.549629211425781
4.411734104156494
4.315634727478027
4.702610015869141
4.3721537590026855
4.312450885772705
4.66087532043457
4.320550918579102
4.342005252838135
4.633942127227783
4.401907444000244
4.1523003578186035
4.55198860168457
4.1783366203308105
4.507635116577148
4.399106979370117
4.425374507904053
4.544859409332275
4.2021050453186035
4.358758926391602
4.47693395614624
4.572533130645752
4.717185020446777
4.2518157958984375
4.086928844451904
4.382167816162109
4.735531806945801
4.883027076721191
4.480379581451416
4.6923508644104
4.578980922698975
4.7876362800598145
4.556350231170654
4.2943291664123535
4.493206977844238
4.4517502784729
4.520044326782227
4.604130744934082
4.615298271179199
4.599589824676514
4.768702030181885
4.419402122497559
4.570822238922119
4.620319366455078
4.416693210601807
4.55106782913208
4.332886695861816
4.404269695281982
4.240091323852539
4.289712429046631
4.696439743041992
4.263789176940918
4.6175031661987305
4.4998979568481445
4.6585869789123535
4.363607406616211
4.380850315093994
4.484164237976074
4.19427490234375
4.079730987548828
4.601160526275635
4.475142955780029
4.393470287322998
4.190493106842041
4.312170028686523
4.350543022155762
4.274311065673828
4.264142990112305
4.310896396636963
4.466371536254883
4.211746692657471
4.119400978088379
5.016440391540527
4.427147388458252
4.746394157409668
4.581398010253906
4.556814670562744
4.32044792175293
4.229310512542725
4.308520317077637
4.502315521240234
4.116947650909424
4.2024149894714355
4.435288906097412
4.746284484863281
4.447320938110352
4.243478775024414
4.3737616539001465
4.212153911590576
4.63913106918335
4.215847015380859
4.079190254211426
4.381213665008545
4.477602958679199
4.620478630065918
4.263451099395752
4.222660541534424
4.170627593994141
4.536002159118652
4.460803031921387
4.481215476989746
4.192750930786133
4.328422546386719
4.206223487854004
4.468010902404785
4.346652984619141
4.355187892913818
4.877350330352783
4.606856346130371
4.323936939239502
4.407931804656982
4.655720233917236
4.518885612487793
4.279354095458984
4.3729963302612305
4.3407883644104
4.364477157592773
4.312836647033691
4.2952494621276855
4.3607707023620605
4.537108898162842
4.292530059814453
4.508942604064941
4.4248857498168945
4.390137672424316
4.434487819671631
4.39995002746582
4.280904769897461
4.567404270172119
4.308030128479004
4.621251106262207
4.257889270782471
4.338483810424805
4.200904369354248
4.416987419128418
4.28639554977417
4.414932727813721
4.185120582580566
4.362138748168945
4.369444847106934
4.337122440338135
4.143021583557129
4.327959060668945
4.109368324279785
4.698870658874512
4.2834858894348145
4.58718729019165
4.604696273803711
4.439258575439453
4.706347942352295
4.21270227432251
4.422876834869385
4.562503814697266
4.691340446472168
4.747589588165283
4.288692474365234
4.6512932777404785
4.511687278747559
4.455111503601074
4.448507785797119
4.179953098297119
4.66989803314209
4.702510356903076
4.556241989135742
4.621398448944092
4.311091423034668
4.775658130645752
4.40040922164917
4.347681522369385
4.686209201812744
4.356355667114258
4.276430130004883
4.404421329498291
4.567371845245361
4.250360012054443
4.409007549285889
4.217178821563721
4.608676910400391
4.156161785125732
4.295137882232666
4.463453769683838
4.604061126708984
4.252194404602051
4.454740524291992
4.37797212600708
4.622691631317139
4.140710353851318
4.344111919403076
4.277209758758545
4.509067058563232
4.397148609161377
4.203022003173828
4.385312080383301
4.3581438064575195
4.46021032333374
4.1728196144104
4.525983810424805
4.497120380401611
4.098104476928711
4.447038650512695
4.729129314422607
4.294970512390137
4.451055526733398
4.552753925323486
4.38753604888916
4.5698041915893555
4.374326705932617
4.4551920890808105
4.344155788421631
4.41082763671875
4.148369312286377
4.451716423034668
4.410325050354004
4.509059429168701
4.384907245635986
4.716064453125
4.650651454925537
4.484280109405518
4.340514183044434
4.474363327026367
4.409019947052002
4.457475185394287
4.303056240081787
4.866099834442139
4.326552867889404
4.54799747467041
4.716018199920654
4.811197757720947
4.234619617462158
4.395003318786621
4.248315811157227
4.515730857849121
4.642496585845947
4.480348110198975
4.59369421005249
4.422722816467285
4.320672035217285
4.389009952545166
4.756962299346924
4.247711658477783
4.4883294105529785
4.289196491241455
4.240230083465576
4.59641695022583
4.435906410217285
4.3722147941589355
4.431331157684326
4.46099853515625
4.302445411682129
4.258484363555908
4.318889141082764
4.42152214050293
4.410848617553711
4.030882835388184
4.167219638824463
4.339402675628662
4.5406813621521
4.620017051696777
4.561196804046631
4.604205131530762
4.102659225463867
4.1820783615112305
4.154374599456787
4.152637481689453
4.360978603363037
4.751030921936035
4.3952484130859375
4.477601051330566
4.372509956359863
4.455929279327393
4.335221767425537
4.354675769805908
4.5593743324279785
4.516012668609619
4.202946186065674
4.420522689819336
4.346685409545898
4.358169078826904
4.250123977661133
4.679566383361816
4.152421951293945
4.298395156860352
4.186671733856201
4.188996315002441
4.187538146972656
4.309185981750488
4.582596778869629
4.321511268615723
4.216185092926025
4.029820442199707
4.448553562164307
4.1976494789123535
4.4676194190979
4.5518341064453125
4.352786064147949
4.510580539703369
4.28426456451416
4.498741626739502
4.498989105224609
4.440399646759033
4.19976806640625
4.464379787445068
4.3642401695251465
4.64528751373291
4.461749076843262
4.414959907531738
4.441840171813965
4.692648410797119
4.270539283752441
4.311590671539307
4.2313313484191895
4.39869499206543
4.730429172515869
4.426339626312256
4.058919429779053
4.337682247161865
4.464338779449463
4.2487664222717285
4.362547874450684
4.323214054107666
4.255105495452881
4.135803699493408
4.31892728805542
4.3473896980285645
4.1072773933410645
4.212368488311768
4.31655216217041
4.200374603271484
4.722731113433838
4.989905834197998
4.648178577423096
4.460209369659424
4.644331932067871
4.421494007110596
4.550314426422119
4.52564811706543
4.6184000968933105
4.625812530517578
4.497431755065918
4.26063871383667
4.520969390869141
4.266257286071777
4.452630996704102
4.402637004852295
4.835074424743652
4.374485015869141
4.736959934234619
4.5674967765808105
4.22140645980835
4.3822221755981445
4.449398994445801
4.79146146774292
4.274014949798584
4.242361545562744
4.471014976501465
4.3754777908325195
4.668752670288086
4.488571643829346
4.3393988609313965
4.222224712371826
4.503688812255859
4.331423282623291
4.881771087646484
4.462559223175049
4.264254570007324
4.314326763153076
4.169976711273193
4.604224681854248
4.251193046569824
4.1957011222839355
4.542598247528076
4.249759197235107
4.036835670471191
4.40179443359375
4.775181293487549
4.415489673614502
4.3871331214904785
4.426055431365967
4.010149955749512
4.207787990570068
4.252148151397705
4.313950061798096
4.346624851226807
4.502988338470459
4.6120285987854
4.398897647857666
4.553786277770996
4.1735663414001465
4.281728744506836
4.367227077484131
4.58048152923584
4.515092849731445
4.37626838684082
4.430450916290283
4.318413734436035
4.516615390777588
4.4635539054870605
4.282866954803467
4.282689094543457
4.154789924621582
4.366398811340332
4.361443042755127
3.9655206203460693
4.091275215148926
4.136039733886719
4.58121395111084
4.059861660003662
4.505602836608887
4.410196304321289
4.306422233581543
4.249801158905029
4.651276588439941
4.16328763961792
4.37576150894165
4.038431167602539
4.453383445739746
4.179437637329102
4.290931701660156
4.332077980041504
4.391022682189941
4.193747520446777
4.13373327255249
3.994985818862915
4.255490779876709
4.632939338684082
4.246248722076416
4.20772123336792
4.3857011795043945
4.328317165374756
4.309401512145996
4.528286933898926
4.380805492401123
4.302655220031738
4.149724006652832
4.461422443389893
4.308207988739014
4.069014072418213
4.467079162597656
4.5163092613220215
4.410278797149658
4.044146537780762
4.266139030456543
4.480395317077637
4.120275974273682
4.35343599319458
4.600505352020264
4.500207901000977
4.145279884338379
4.204328536987305
4.365538597106934
4.2126569747924805
4.890077590942383
4.324037075042725
4.507335662841797
4.241440296173096
4.190465450286865
4.329709529876709
4.216607093811035
4.233894348144531
4.5958027839660645
4.096992492675781
4.114621162414551
4.284708023071289
4.296936511993408
4.113037586212158
4.419706344604492
4.253196716308594
4.167336463928223
4.286731243133545
3.9618680477142334
4.4274468421936035
4.1381025314331055
4.124820709228516
4.293345928192139
4.089991569519043
4.242245197296143
4.4596381187438965
4.3882317543029785
4.283337593078613
4.238480567932129
4.451374530792236
4.22412633895874
4.369337558746338
4.09683084487915
4.229074001312256
4.43649435043335
4.034313201904297
4.482334613800049
4.246618270874023
4.445215702056885
4.1528778076171875
4.365512371063232
4.206091403961182
4.20073938369751
4.259167671203613
4.282614707946777
4.3771796226501465
4.3156657218933105
4.205732822418213
4.4784255027771
4.118690013885498
4.336089134216309
4.3795270919799805
4.397221088409424
4.6636762619018555
4.089475154876709
4.368738651275635
4.306166172027588
4.239819049835205
4.561957836151123
4.558671951293945
4.457343101501465
4.209831237792969
4.212077617645264
4.438896179199219
4.107348442077637
4.191743850708008
4.15203332901001
4.502169609069824
4.501424312591553
4.19114351272583
4.1790666580200195
4.192538261413574
4.076345920562744
4.1467790603637695
4.275723934173584
4.2551422119140625
4.373544692993164
4.36251163482666
4.329944133758545
4.291526794433594
4.441731929779053
4.19846248626709
4.462689399719238
4.666877269744873
4.486691951751709
4.4062371253967285
4.563052654266357
4.465641498565674
4.307157039642334
4.312244892120361
4.335391044616699
4.038243770599365
4.5726399421691895
4.269712924957275
4.223349571228027
4.260667324066162
4.675457954406738
4.328418731689453
4.193355083465576
4.292807579040527
4.359257221221924
4.855971813201904
4.095522880554199
4.25246000289917
4.129557132720947
4.319011211395264
4.894944190979004
4.281919479370117
4.537151336669922
4.1152567863464355
4.304424285888672
4.2431111335754395
4.2928266525268555
4.29324197769165
4.495216369628906
3.9551801681518555
4.018059730529785
4.573690414428711
4.165687084197998
4.19730281829834
4.012900352478027
4.193161964416504
4.366213321685791
4.1179633140563965
4.410525798797607
4.429154396057129
4.603737831115723
4.602725505828857
4.32357931137085
4.396455764770508
4.269728183746338
4.145610809326172
4.282282829284668
4.336459636688232
4.306354522705078
4.2289934158325195
4.281101226806641
4.187064170837402
4.486929893493652
4.69622802734375
4.471531391143799
4.340914249420166
4.176769733428955
4.208142280578613
4.417389869689941
4.298792839050293
4.1570916175842285
4.277782440185547
4.368122577667236
4.368673324584961
4.016153812408447
4.281771183013916
4.370702266693115
4.576805591583252
4.443020820617676
4.032073020935059
4.146982192993164
4.283617973327637
4.669693470001221
4.5660400390625
4.200505256652832
4.240689277648926
4.485285758972168
4.292322158813477
4.083850383758545
4.494810581207275
4.128101348876953
3.8907582759857178
4.410022258758545
4.498297691345215
4.206445217132568
4.412408351898193
4.1574506759643555
4.412134170532227
4.3227105140686035
4.273451805114746
4.423230171203613
4.519540309906006
4.074251174926758
4.184754371643066
4.420011520385742
4.129703044891357
4.383548259735107
4.019251346588135
4.421300411224365
4.167781829833984
4.159951210021973
4.15187406539917
4.557188034057617
4.6494364738464355
4.147165298461914
4.39542293548584
3.9286324977874756
4.351202011108398
4.16937780380249
4.377366542816162
4.473494529724121
4.704772472381592
4.208183288574219
4.440536022186279
4.622679710388184
4.34262752532959
4.390634059906006
4.054731845855713
4.256560325622559
4.2176079750061035
4.2662835121154785
4.3460917472839355
4.089094161987305
4.302692890167236
4.3106489181518555
4.47094202041626
4.108246803283691
4.61686372756958
4.288191318511963
4.112381458282471
4.312330722808838
4.054805278778076
4.212522029876709
4.37655782699585
4.505520820617676
4.377049446105957
4.048969745635986
4.815068244934082
3.977057933807373
4.278311729431152
4.290523052215576
4.355791091918945
4.459191799163818
4.462648868560791
4.286869525909424
4.225671291351318
4.192190170288086
4.676116466522217
4.338061809539795
4.3290324211120605
3.8970510959625244
4.149370193481445
4.124819755554199
4.566115856170654
4.469212532043457
4.017548084259033
4.528120040893555
4.147824287414551
4.06953239440918
4.108333587646484
4.15309476852417
4.576292514801025
4.042422771453857
4.534366130828857
4.3673224449157715
4.462528228759766
4.371872425079346
4.583354949951172
4.056379795074463
4.102147102355957
4.2828688621521
4.229821681976318
4.192219257354736
4.195407390594482
4.34373140335083
4.1901140213012695
4.0569353103637695
4.026269435882568
4.392063140869141
4.2075371742248535
3.9822027683258057
4.261082172393799
4.263817310333252
4.259952545166016
3.854245662689209
4.841883659362793
4.163957595825195
4.102755546569824
4.108006000518799
4.269111633300781
4.207449913024902
4.66528844833374
4.089448928833008
4.30134391784668
4.079191207885742
4.080374717712402
4.422441005706787
4.313311576843262
4.474323272705078
4.8427863121032715
4.5433125495910645
4.323424339294434
4.231937885284424
3.9937744140625
4.468861103057861
4.602952003479004
4.046802997589111
4.229156970977783
4.317603588104248
4.248782157897949
4.367475509643555
4.368164539337158
4.351432800292969
4.290916919708252
4.251874923706055
4.152403354644775
4.0889482498168945
4.167538642883301
4.198850154876709
4.378829479217529
3.890740156173706
4.410542964935303
4.415565490722656
4.358270168304443
4.250302314758301
4.332485198974609
4.14833402633667
4.0942277908325195
4.165261745452881
4.208508014678955
4.310206413269043
4.021542072296143
4.343733310699463
4.464295864105225
4.443605422973633
4.586851596832275
4.26096248626709
4.130806922912598
4.041499137878418
4.256893634796143
4.440658092498779
4.367735385894775
4.080477714538574
4.021819114685059
4.529701232910156
4.625658988952637
4.43923282623291
4.287564754486084
4.27199125289917
4.0836873054504395
4.023843765258789
4.231961727142334
4.152926445007324
4.037127494812012
4.145360946655273
3.9420552253723145
4.201239109039307
4.515775680541992
4.217746257781982
4.3209075927734375
4.420711994171143
4.254726886749268
3.9424350261688232
4.391047954559326
4.166314125061035
4.12991189956665
4.306891918182373
4.065480709075928
4.161926746368408
4.059959888458252
4.079709053039551
4.564603805541992
4.015527725219727
4.281298637390137
4.155023097991943
4.389836311340332
4.460970401763916
4.0215325355529785
4.190132141113281
4.336719989776611
3.9079039096832275
4.2146782875061035
4.368361949920654
4.342746257781982
3.9719455242156982
4.047016143798828
4.311156272888184
4.24202823638916
4.364524841308594
4.185464382171631
4.4218268394470215
4.144282341003418
3.9894180297851562
4.277778625488281
4.1875200271606445
3.98513126373291
4.289219856262207
4.227405071258545
4.016539573669434
4.628781318664551
4.156476020812988
4.363632678985596
4.40518856048584
3.877542495727539
3.955704689025879
4.216241836547852
4.45432186126709
4.224846363067627
4.1787614822387695
4.427690505981445
3.991762399673462
4.2517266273498535
4.135704040527344
4.272110462188721
4.368415355682373
4.03821325302124
4.140888214111328
4.499763488769531
4.049621105194092
3.9670767784118652
4.259400367736816
4.231626987457275
3.9536054134368896
4.522557735443115
4.048764228820801
4.32854700088501
4.143439769744873
4.742154121398926
4.209375858306885
4.326900959014893
4.098326683044434
4.498244285583496
4.402012825012207
4.216094017028809
4.588855266571045
3.9536423683166504
4.166889190673828
4.108343601226807
4.207618713378906
4.2439284324646
4.1746931076049805
4.480169773101807
4.4381842613220215
4.117351531982422
3.911000967025757
4.331932067871094
4.328820705413818
3.9460251331329346
4.557880401611328
4.177639484405518
4.3147053718566895
4.259885787963867
4.405490875244141
3.898928165435791
4.112809181213379
4.214073181152344
4.3150715827941895
4.5184478759765625
4.330848217010498
4.073616027832031
4.174520969390869
4.1618971824646
4.253427505493164
4.559178829193115
4.5012054443359375
4.400237083435059
4.366198539733887
4.509212493896484
4.184549808502197
4.308257102966309
4.096956253051758
4.097692489624023
4.244585990905762
4.735367774963379
4.112733364105225
4.290067672729492
4.482650279998779
4.281093597412109
4.327933311462402
4.157682418823242
4.101064682006836
4.350337028503418
4.509060382843018
4.430776596069336
4.136480331420898
4.119091987609863
4.607491970062256
4.273055076599121
4.229448318481445
4.3635783195495605
4.204791069030762
4.697531700134277
4.477941036224365
4.4419779777526855
4.167407989501953
4.394842147827148
4.594804763793945
4.303688049316406
4.057145118713379
4.48346471786499
4.04669713973999
4.215442180633545
4.132368087768555
4.1425275802612305
4.016289234161377
4.345325946807861
3.966001510620117
4.404255390167236
4.478048324584961
4.4994635581970215
4.248943328857422
4.085981845855713
3.8745908737182617
4.433286190032959
4.303520679473877
4.257770538330078
3.9439120292663574
4.015203475952148
4.500800132751465
4.58272123336792
4.341943264007568
4.665193557739258
4.2178568840026855
4.496259689331055
4.162878513336182
4.728947162628174
4.169200897216797
4.337579250335693
4.464373588562012
4.085640907287598
4.549914836883545
4.237781047821045
3.9836251735687256
3.9780972003936768
4.298201560974121
4.374713897705078
4.2859206199646
4.105053424835205
4.105512619018555
4.41232442855835
4.148092269897461
4.167416095733643
3.914926290512085
4.086757659912109
4.319418907165527
4.307454586029053
4.403502941131592
3.9256279468536377
4.5292768478393555
3.9088501930236816
4.260162830352783
4.121860027313232
4.311646461486816
4.142533779144287
4.256946563720703
3.9720122814178467
4.07495641708374
4.30519437789917
4.250147342681885
4.27288818359375
4.122162342071533
3.859818935394287
4.354000091552734
4.0402326583862305
4.068807601928711
3.7730319499969482
4.13068151473999
4.0869364738464355
4.341243267059326
4.033867835998535
3.962475299835205
4.624099254608154
4.249472141265869
3.8296689987182617
4.309537887573242
4.265750408172607
4.079079627990723
4.157578468322754
4.484519958496094
4.022289276123047
4.020973205566406
3.9333786964416504
4.34016227722168
4.235725402832031
3.9815165996551514
4.18735933303833
4.485533237457275
4.127710819244385
4.587593078613281
4.037705898284912
4.221246242523193
4.21387243270874
4.072351455688477
4.383542060852051
4.012498378753662
4.071081161499023
4.412858963012695
4.547079086303711
4.330113887786865
4.522109508514404
4.392725944519043
3.9822824001312256
4.334088325500488
3.9717438220977783
4.10222053527832
4.389732360839844
4.4876861572265625
4.129054546356201
4.094905376434326
4.357931613922119
4.087172985076904
4.299508094787598
4.171490669250488
4.230659008026123
4.155784606933594
3.9228873252868652
4.370997428894043
4.221256256103516
4.190664291381836
4.143510341644287
4.552859783172607
4.174373626708984
4.2863616943359375
4.046178817749023
4.067061901092529
4.037456035614014
4.368612766265869
4.268923282623291
4.3310723304748535
4.1068644523620605
4.10895299911499
4.142495632171631
4.054514408111572
4.460266590118408
4.269896507263184
4.153085231781006
4.0499444007873535
4.283013820648193
4.273926734924316
4.006274223327637
4.899287223815918
4.25017786026001
4.406320095062256
4.277618885040283
4.4375081062316895
4.089441299438477
4.2974958419799805
4.282356262207031
4.067306041717529
4.23562479019165
4.0441412925720215
4.530264377593994
4.599475383758545
4.200704097747803
4.16361665725708
4.220302581787109
4.159996509552002
4.0018415451049805
4.180180549621582
4.085516452789307
4.129778861999512
4.164543628692627
3.830284357070923
4.06394100189209
4.093323230743408
4.352654933929443
4.1735382080078125
4.169399738311768
4.1754584312438965
4.348188877105713
4.387429237365723
4.249688625335693
4.124553680419922
4.186043739318848
4.32407808303833
4.151379585266113
3.900402545928955
4.517045021057129
4.428499221801758
4.052793979644775
4.217748165130615
4.453853130340576
4.145249843597412
4.2072434425354
4.082530975341797
3.913908004760742
4.413972854614258
4.262277126312256
4.2609968185424805
4.381490230560303
4.141498565673828
4.145274639129639
4.059098243713379
4.40926456451416
4.403313636779785
4.038090705871582
4.4359965324401855
4.1128249168396
4.188612937927246
4.177630424499512
4.224177360534668
4.154787063598633
4.4570393562316895
4.015954494476318
4.3839497566223145
4.539981365203857
3.9948856830596924
4.347665309906006
4.205757141113281
4.389055252075195
4.325869560241699
4.297593593597412
4.231518745422363
4.194923400878906
4.3177080154418945
4.0751261711120605
4.4250712394714355
4.308506488800049
4.308360576629639
3.9775912761688232
4.3798394203186035
4.0615692138671875
4.223707675933838
3.827693223953247
4.308429718017578
4.205480575561523
4.478754997253418
4.06028413772583
4.529304504394531
4.130284786224365
4.47246789932251
4.296177864074707
4.025357246398926
4.140110492706299
4.175070285797119
4.225711345672607
4.188340187072754
4.251608371734619
4.114913463592529
4.388708114624023
4.117453575134277
4.332193851470947
4.240634918212891
4.438382625579834
4.280433654785156
4.133159637451172
4.2897629737854
3.9522674083709717
4.552501678466797
4.40805196762085
3.9334752559661865
4.406695365905762
4.231957912445068
4.259346008300781
4.022961616516113
4.247261047363281
4.287601947784424
3.9915499687194824
3.8815412521362305
4.164449214935303
3.898311138153076
3.9979190826416016
3.749131917953491
4.198243141174316
4.38629674911499
4.079140663146973
4.200476169586182
4.005766868591309
3.9315717220306396
4.075388431549072
4.493403434753418
3.9332950115203857
3.9773190021514893
4.292585372924805
4.260591506958008
3.7648770809173584
3.7497000694274902
4.297228813171387
4.077649116516113
4.392276287078857
4.2395243644714355
4.317535877227783
4.825141906738281
4.1775922775268555
4.47454309463501
4.250208377838135
4.147700786590576
3.9729397296905518
4.540115833282471
4.098550319671631
4.100686073303223
4.547176361083984
4.2590155601501465
4.10615873336792
4.257014751434326
4.20379114151001
4.019265174865723
4.131464958190918
3.989949941635132
4.172111511230469
3.9697554111480713
4.175381660461426
4.283562183380127
4.046595573425293
3.9510061740875244
4.304939270019531
3.889666795730591
4.475449562072754
4.122420787811279
4.086843967437744
4.17285680770874
4.062990665435791
4.392765998840332
4.268461227416992
4.419200897216797
4.25307559967041
4.447795391082764
3.985292434692383
4.621819496154785
4.044844150543213
4.0234761238098145
4.144789218902588
4.274125576019287
4.519617080688477
4.086572170257568
4.744113445281982
4.186017036437988
3.9584810733795166
4.3041510581970215
4.407110691070557
4.365825653076172
4.166077613830566
4.377892017364502
4.225726127624512
4.2120747566223145
4.281665802001953
4.250596523284912
4.334242343902588
4.154191017150879
4.141879081726074
4.1148576736450195
4.040558338165283
4.039010524749756
4.5805230140686035
4.061251640319824
4.223991394042969
4.024311065673828
4.109109878540039
3.9340736865997314
4.19262170791626
4.2250261306762695
4.329662799835205
3.9068901538848877
4.401238918304443
4.119401454925537
4.162827491760254
3.8157100677490234
4.532650947570801
4.265446662902832
3.8338027000427246
4.349634647369385
4.07061243057251
4.163660526275635
4.013665676116943
4.455873489379883
4.332659721374512
3.8669590950012207
3.9722378253936768
3.904914617538452
4.495608806610107
4.473847389221191
4.514006614685059
4.197308540344238
4.061600208282471
4.160409927368164
4.342018127441406
4.164087772369385
4.119230270385742
3.9842309951782227
4.399789333343506
4.1257219314575195
4.397533893585205
4.070260047912598
4.050993919372559
4.11482572555542
4.412167549133301
4.112729072570801
4.142431259155273
4.031335353851318
4.275527477264404
4.302937984466553
3.9630398750305176
3.9275219440460205
4.059370994567871
4.1136274337768555
4.129720687866211
3.8342232704162598
4.409930229187012
4.031965732574463
4.075287818908691
4.050276279449463
3.935774803161621
4.650653839111328
4.116815090179443
4.146162509918213
4.412968158721924
4.2551798820495605
4.507436752319336
4.197958469390869
4.376837253570557
4.0418381690979
4.489604949951172
4.41408634185791
4.366946220397949
3.9257218837738037
3.984074115753174
4.114487648010254
4.1519455909729
4.033549785614014
3.9513449668884277
4.264038562774658
3.810037136077881
4.221301555633545
4.268005847930908
4.340488910675049
3.9742186069488525
4.069110870361328
4.163908004760742
4.285938739776611
4.324511528015137
4.260841369628906
4.2558135986328125
4.299098014831543
4.23610258102417
4.049658298492432
3.9076242446899414
4.1356282234191895
3.953298330307007
4.27195405960083
4.130186557769775
4.240481376647949
4.3795342445373535
4.068254470825195
4.259375095367432
4.163180828094482
4.284579277038574
4.1143999099731445
4.191572189331055
3.987636089324951
4.349689960479736
4.582998275756836
4.391700744628906
3.966729164123535
4.138156414031982
3.9498860836029053
4.14190673828125
4.139581680297852
4.182975769042969
4.236063480377197
4.49978494644165
3.989028215408325
4.0135908126831055
4.152644634246826
4.421799659729004
4.261495113372803
3.9504947662353516
4.052037239074707
4.200790882110596
4.072249889373779
4.12144660949707
4.27184534072876
4.585865497589111
4.124509334564209
4.228051662445068
4.482419490814209
4.1153059005737305
3.898698091506958
4.4391608238220215
4.308253765106201
4.236636638641357
4.242748260498047
4.126662731170654
4.195949077606201
4.131838321685791
4.108555793762207
4.262537002563477
4.316972732543945
4.294151782989502
4.107921600341797
3.8789920806884766
4.3393683433532715
4.242186069488525
4.022027015686035
4.234208583831787
4.717735290527344
4.0465826988220215
4.007984161376953
4.223357677459717
4.071279525756836
4.415119171142578
4.234595775604248
4.085055351257324
4.215874671936035
4.11973237991333
4.415213584899902
4.1688737869262695
4.264341831207275
3.968181610107422
4.484906196594238
4.144309997558594
4.471301078796387
3.9269986152648926
4.389437675476074
4.43941068649292
4.213428497314453
4.346164226531982
3.9793481826782227
3.9794328212738037
4.150025367736816
4.411275386810303
4.116571426391602
4.207492351531982
4.445840835571289
4.122716903686523
4.311399459838867
4.35836935043335
4.323356628417969
4.484704971313477
4.033591270446777
4.084421157836914
4.195289134979248
3.89310884475708
4.199339389801025
4.1599345207214355
3.9883816242218018
4.083434104919434
4.386754989624023
4.422280788421631
4.191202163696289
4.064568042755127
4.243325233459473
3.905447006225586
4.037841796875
4.1598639488220215
4.202193737030029
4.294915676116943
4.227334499359131
4.794511318206787
3.819002866744995
4.088105201721191
4.323381423950195
4.161622524261475
3.9081764221191406
4.095564365386963
4.03154993057251
4.146176338195801
4.464562892913818
4.273163318634033
4.280829429626465
4.1209845542907715
4.1050543785095215
4.243002414703369
3.9435973167419434
4.230825901031494
4.1512131690979
4.113289833068848
4.027864456176758
4.137977600097656
4.467780590057373
4.321774482727051
4.152597427368164
4.298630714416504
4.00965690612793
4.162497520446777
3.7696750164031982
3.9094347953796387
3.719423532485962
4.136892318725586
4.369619846343994
4.218891620635986
4.436176776885986
4.1030120849609375
4.566065788269043
3.918389320373535
4.461930751800537
4.206088542938232
3.7800474166870117
3.869656801223755
4.022407531738281
4.127100467681885
4.3040690422058105
3.988049268722534
4.061252117156982
4.071409225463867
4.263121128082275
3.901547431945801
3.9641215801239014
3.7835798263549805
4.476423740386963
4.242588043212891
3.9775562286376953
4.345091819763184
4.224562168121338
4.006933689117432
4.038390159606934
3.8867101669311523
4.29250431060791
4.443882465362549
4.150315284729004
4.418351650238037
3.9395716190338135
3.710427761077881
3.8797109127044678
4.218674659729004
3.9568610191345215
4.4579267501831055
3.9546098709106445
4.199593544006348
3.7720367908477783
4.210377216339111
4.134854793548584
4.058500289916992
4.235715866088867
4.039710521697998
4.083655834197998
4.159941673278809
3.8313679695129395
3.969006299972534
4.217689037322998
3.9927523136138916
4.176593780517578
4.595038414001465
4.327341079711914
3.9186041355133057
3.8865463733673096
4.0755205154418945
3.9363412857055664
4.396886348724365
4.1314826011657715
4.246509075164795
4.015690326690674
4.458073616027832
4.38240909576416
3.9371862411499023
3.972980499267578
4.419134140014648
4.515268325805664
4.110623836517334
4.013795852661133
4.086064338684082
4.2432708740234375
4.11624813079834
4.299660682678223
4.053061485290527
4.252255439758301
4.07116174697876
4.273423194885254
4.001212120056152
3.934174060821533
4.40996789932251
4.1306257247924805
4.385720729827881
4.2071051597595215
4.218474388122559
4.508570194244385
3.92669677734375
3.9927635192871094
4.064891338348389
4.5112175941467285
4.143131732940674
3.965996026992798
4.0815606117248535
4.252422332763672
4.278550148010254
4.011609077453613
4.029236793518066
4.134621620178223
3.8473563194274902
4.451437473297119
4.168900489807129
4.346400260925293
4.075137138366699
3.9333391189575195
4.133285999298096
4.011089324951172
3.83815598487854
4.135838508605957
3.904057502746582
4.061908721923828
3.84588360786438
4.05479621887207
4.789722919464111
4.009055137634277
3.9026122093200684
4.006562232971191
4.24669075012207
4.162540435791016
4.112946033477783
3.9062278270721436
4.472082138061523
4.424799919128418
4.0800700187683105
3.7195403575897217
3.872448682785034
4.338812351226807
4.542760848999023
4.091732501983643
4.006174087524414
4.058002948760986
4.197093963623047
3.9603917598724365
4.100934982299805
4.2778239250183105
4.045361518859863
4.177255630493164
4.024591445922852
3.982694625854492
3.9488837718963623
4.015768051147461
4.393843650817871
3.996206760406494
4.150299549102783
4.330262660980225
4.572671890258789
4.102622985839844
4.117624282836914
4.13704776763916
4.316232204437256
4.025686264038086
4.341150283813477
4.375124931335449
4.287173271179199
3.854326009750366
3.943920373916626
4.14335823059082
4.072784900665283
4.367149829864502
4.091307163238525
4.284724712371826
4.338184833526611
4.1167144775390625
4.1014933586120605
3.828143358230591
3.9473795890808105
4.248330593109131
3.874160051345825
4.161032199859619
4.144162178039551
4.307103633880615
4.057992935180664
3.988774061203003
4.042984485626221
4.162054538726807
4.327523708343506
3.7126591205596924
4.5675859451293945
4.042966842651367
4.11365270614624
3.989582061767578
4.142293930053711
4.22310733795166
4.248021602630615
3.8528201580047607
4.399842262268066
4.098639488220215
4.311800956726074
3.8500325679779053
4.050734996795654
4.043482780456543
4.232376575469971
4.285504341125488
3.92148494720459
4.070797920227051
4.318450450897217
4.436848163604736
3.980393886566162
4.308871746063232
4.281725883483887
4.229915618896484
3.8760111331939697
3.997898578643799
3.9037058353424072
3.8736610412597656
4.21718168258667
4.12325382232666
3.996570348739624
4.102239608764648
4.118685722351074
4.227907180786133
3.9657654762268066
3.913879871368408
4.122852325439453
3.752412796020508
4.059121608734131
4.199882507324219
3.871736764907837
4.177139759063721
4.096343040466309
4.514045238494873
4.124356269836426
3.9971957206726074
4.182133197784424
3.9369592666625977
4.470948219299316
4.0892863273620605
4.467957019805908
4.26900053024292
4.283226013183594
4.313343048095703
4.1316423416137695
3.952293872833252
4.116100788116455
4.12930154800415
4.081268310546875
4.167024612426758
4.184995651245117
3.9749248027801514
4.085267543792725
4.527958869934082
4.149380207061768
4.2575507164001465
4.382298946380615
4.089809417724609
4.273787021636963
4.370655059814453
4.320797920227051
3.955321788787842
4.175266265869141
4.239487648010254
4.183029651641846
4.109775066375732
3.851590871810913
4.180951118469238
3.972508430480957
4.456721305847168
4.050850868225098
3.888336420059204
4.158348083496094
4.263438701629639
3.8393142223358154
3.8340516090393066
3.9269001483917236
3.954479694366455
4.180323600769043
3.842844009399414
4.096142292022705
4.177750110626221
3.8771867752075195
4.223330020904541
3.945791244506836
3.9935712814331055
3.9191901683807373
4.5505475997924805
4.026432991027832
4.504902362823486
3.992821455001831
4.3548150062561035
3.976973295211792
3.962174892425537
3.979400873184204
4.190845489501953
4.087002277374268
3.9097046852111816
3.994490146636963
4.000706672668457
4.36788272857666
3.847851514816284
4.196128845214844
4.088010787963867
3.9950478076934814
4.103919506072998
3.653451681137085
3.8228561878204346
4.2410359382629395
4.214356899261475
4.251152992248535
3.9478368759155273
3.8120527267456055
4.1874871253967285
4.193779468536377
3.928392171859741
4.185412883758545
3.773756980895996
3.8122780323028564
4.495890140533447
3.995222568511963
3.914940118789673
3.9989535808563232
4.311726093292236
4.476066589355469
4.060542583465576
3.9484903812408447
4.338094711303711
4.4136762619018555
4.3400559425354
4.2166972160339355
4.010024070739746
4.343233585357666
4.796496868133545
4.385503768920898
4.067111968994141
4.166802406311035
4.455525875091553
4.7076921463012695
4.167391777038574
4.112419605255127
4.3710408210754395
4.402719497680664
4.359791278839111
4.241923809051514
3.854843854904175
4.071969509124756
4.162417411804199
3.721365451812744
4.390312194824219
4.29589319229126
3.8468968868255615
3.95898699760437
4.276573657989502
4.445215225219727
3.969153881072998
3.9347705841064453
4.451354026794434
4.360147953033447
4.24578332901001
4.048296928405762
4.114821910858154
4.120471477508545
4.160617828369141
4.409857749938965
4.5846052169799805
4.011417388916016
4.131845474243164
4.228753566741943
3.788926362991333
4.131741046905518
4.053229808807373
4.550652980804443
3.9980862140655518
3.719214916229248
3.802546739578247
3.614685297012329
4.257900714874268
4.064309597015381
4.022470951080322
4.5787506103515625
4.093366622924805
4.336963653564453
4.037299633026123
4.11760950088501
4.399390697479248
4.300614833831787
4.008139133453369
4.2606329917907715
4.244553565979004
3.9395439624786377
4.082018852233887
3.8979313373565674
4.235771179199219
3.8703551292419434
3.9962210655212402
4.345383167266846
3.8919894695281982
4.208796977996826
3.9330976009368896
4.2866106033325195
3.9432644844055176
4.164437294006348
4.248658180236816
3.806244373321533
3.8712313175201416
3.7294843196868896
4.214097499847412
4.093888282775879
4.060324668884277
3.8971974849700928
3.922713279724121
3.951953172683716
4.290082931518555
3.9910800457000732
3.859508514404297
4.227363586425781
3.913400411605835
4.2612080574035645
3.7540299892425537
4.17781925201416
3.8864190578460693
3.765091896057129
4.299511909484863
4.0686936378479
3.8626744747161865
4.182194232940674
4.000438213348389
4.389098167419434
4.0046868324279785
4.153311252593994
4.1930975914001465
4.217577934265137
4.345588207244873
4.3527092933654785
4.176542282104492
4.452915191650391
4.300836563110352
3.9987425804138184
4.345211982727051
4.273414611816406
3.8931801319122314
4.0009541511535645
3.9374637603759766
4.346795558929443
4.135279655456543
4.089278221130371
4.144878387451172
4.070984840393066
4.1085309982299805
4.166569709777832
4.178548812866211
4.117221832275391
4.10666561126709
4.621428489685059
3.8315024375915527
4.12471866607666
3.863739490509033
4.358078956604004
4.184144496917725
4.019532203674316
3.875375747680664
4.383430480957031
4.085689544677734
4.643136978149414
4.293056964874268
4.254940986633301
4.162797451019287
3.73249888420105
4.027988433837891
4.223804473876953
4.041628360748291
3.9463438987731934
3.8028464317321777
4.039596080780029
4.090883731842041
4.106477737426758
4.085393905639648
3.8600692749023438
4.4907660484313965
4.234432220458984
4.06155252456665
4.372227191925049
3.9530980587005615
3.82413911819458
4.151695251464844
3.8553709983825684
4.419593811035156
4.212915897369385
3.9400699138641357
4.050772190093994
4.192751884460449
4.301655292510986
4.148622035980225
4.5419816970825195
4.200299263000488
4.455787181854248
4.42486047744751
4.00831413269043
4.218527317047119
4.155440330505371
4.178723335266113
3.875990390777588
4.164844989776611
4.266884803771973
4.179565906524658
4.424540996551514
3.9920568466186523
4.070368766784668
4.4139251708984375
4.458894729614258
4.343297004699707
4.167710304260254
4.207600116729736
4.281000137329102
4.1266703605651855
4.327328681945801
4.4885406494140625
4.295822620391846
4.139662265777588
4.039623737335205
4.110022068023682
4.219608306884766
4.3496503829956055
4.087593078613281
3.7959189414978027
3.9555165767669678
3.9503064155578613
4.142634391784668
4.113626956939697
4.402682781219482
3.86234188079834
4.024034023284912
4.130454063415527
4.077412128448486
4.35429048538208
4.108913898468018
3.9174418449401855
3.876422643661499
4.152129173278809
4.444293022155762
4.107990264892578
3.9406211376190186
3.7827956676483154
4.21648645401001
4.12848424911499
4.245234489440918
4.241102695465088
4.176983833312988
4.080368995666504
3.872373580932617
3.9490675926208496
3.9454846382141113
4.355977535247803
4.072502136230469
4.4156694412231445
4.103737831115723
4.0513834953308105
4.012581825256348
3.8566489219665527
3.921194076538086
4.377018451690674
4.4054274559021
3.7974178791046143
4.2638840675354
4.1307525634765625
3.986928701400757
3.997647523880005
4.340523719787598
4.329872131347656
4.350179672241211
4.102686405181885
4.134852409362793
4.340732574462891
4.165638446807861
4.1749701499938965
3.9281461238861084
3.7919750213623047
3.9310951232910156
4.503053665161133
3.972036361694336
4.122241497039795
4.086358547210693
3.941084146499634
4.139564514160156
4.019095420837402
4.266846656799316
4.18090295791626
4.325850963592529
3.9655165672302246
3.861205577850342
4.0768656730651855
3.8858582973480225
4.766261100769043
3.947645902633667
4.116827487945557
3.67446231842041
4.155123233795166
3.9388999938964844
4.058622360229492
3.9319980144500732
4.208021640777588
4.317033767700195
4.309749603271484
4.075654029846191
3.725040912628174
4.1787109375
4.083745002746582
4.08671236038208
3.9072108268737793
4.048814296722412
4.034111022949219
4.0474700927734375
4.18754243850708
4.143083095550537
3.7638466358184814
4.239962577819824
3.982175350189209
3.8055338859558105
3.8925487995147705
4.3690571784973145
4.274681091308594
4.212053298950195
3.9872562885284424
4.207252502441406
4.129916191101074
4.1033711433410645
3.909947156906128
3.6847116947174072
4.376602649688721
4.530359268188477
4.0129523277282715
3.9312071800231934
4.21046257019043
3.96616530418396
4.233328342437744
4.16220235824585
4.28217887878418
4.17608118057251
4.194827556610107
4.041996955871582
3.968534469604492
3.803433656692505
4.173479080200195
3.8416707515716553
3.8632309436798096
3.893153190612793
3.923663377761841
4.492317199707031
4.086338043212891
4.1092848777771
4.383312225341797
4.06397819519043
4.408109664916992
4.098018169403076
3.9649131298065186
4.479831218719482
4.102009296417236
3.8621792793273926
3.7844762802124023
3.9667813777923584
4.451122283935547
4.308853626251221
4.172252178192139
3.8453598022460938
4.396310329437256
4.122977256774902
3.8204028606414795
4.170863151550293
4.125080108642578
4.292633533477783
3.934986114501953
4.1757354736328125
4.282440662384033
4.023437023162842
4.243851661682129
4.125094413757324
4.442602157592773
4.378721237182617
4.406896114349365
4.2044901847839355
4.045129776000977
4.1707305908203125
3.913083791732788
4.2643208503723145
3.977222204208374
3.967825174331665
3.9747819900512695
3.8780605792999268
4.0403733253479
4.343708515167236
4.272938251495361
3.8643620014190674
3.807612657546997
4.003650665283203
4.264554977416992
3.6743597984313965
4.456320285797119
4.10425329208374
4.008302211761475
4.012240409851074
4.059649467468262
3.8861591815948486
3.612424612045288
4.215825080871582
3.848292350769043
3.7937519550323486
3.917762517929077
4.004427909851074
3.983321189880371
3.904684543609619
3.84085750579834
3.773672103881836
4.252243995666504
4.224303722381592
4.118991851806641
3.961245059967041
3.9460575580596924
3.967538595199585
3.9157538414001465
4.427127838134766
4.659847259521484
4.1292548179626465
4.303164005279541
4.0114827156066895
3.92659854888916
3.9915990829467773
3.7452986240386963
4.104817867279053
4.167830944061279
3.8261494636535645
3.984036922454834
4.196053981781006
4.14732551574707
4.164535045623779
4.347772598266602
4.045614242553711
3.99188232421875
4.0937066078186035
4.237720966339111
4.200152397155762
3.8293964862823486
4.3551201820373535
4.050704479217529
4.1719207763671875
3.8153276443481445
4.24358606338501
4.288919925689697
3.9872548580169678
4.184314727783203
3.969956398010254
4.36378812789917
4.259939193725586
4.47321891784668
4.510696887969971
4.26015043258667
4.222229480743408
4.043694019317627
3.8623170852661133
4.062201499938965
4.039839744567871
4.1116557121276855
4.411032676696777
4.261626243591309
4.198799133300781
3.970008134841919
3.905426025390625
4.241494178771973
3.9698946475982666
4.266269207000732
4.147560119628906
3.981149196624756
4.184585094451904
3.923266649246216
3.7760417461395264
3.9027841091156006
3.7045624256134033
4.344430923461914
3.8086695671081543
4.3847479820251465
4.374976634979248
4.375641345977783
4.364343166351318
4.196011543273926
3.8903257846832275
4.028572082519531
3.8868508338928223
4.000659465789795
4.35701322555542
4.193159580230713
4.1980814933776855
3.819444417953491
4.114364147186279
4.0583271980285645
4.004664897918701
4.157955169677734
4.464046001434326
4.152071952819824
4.240267753601074
4.010586261749268
3.9392313957214355
4.21895694732666
4.163148403167725
4.389982223510742
3.9421916007995605
3.8313846588134766
4.036440372467041
3.9150984287261963
4.192254066467285
4.015127658843994
4.386518955230713
3.960315465927124
4.234419822692871
3.7256460189819336
4.181243419647217
4.155049800872803
4.029773712158203
4.484663963317871
3.941775321960449
4.5892229080200195
4.209369659423828
4.117526531219482
4.085771560668945
4.145142555236816
3.671535015106201
3.9931282997131348
4.095503807067871
3.8978588581085205
4.080383777618408
3.7290470600128174
4.278783798217773
3.929706573486328
4.205417633056641
3.9912378787994385
4.104550838470459
4.032507419586182
4.040848255157471
3.869367837905884
4.011582374572754
3.907043218612671
4.105895042419434
3.869152307510376
4.151391983032227
3.9632604122161865
4.105785846710205
4.066533088684082
4.061345100402832
3.8809502124786377
4.079570770263672
3.9863643646240234
4.1319684982299805
4.19724702835083
3.801748752593994
4.331981182098389
4.0985107421875
4.051374912261963
3.9623403549194336
3.9469237327575684
3.6737987995147705
3.7809131145477295
3.8975212574005127
4.273865699768066
4.3263654708862305
4.479681968688965
4.104518413543701
4.128610134124756
3.8424551486968994
3.7353882789611816
3.702868700027466
4.1113996505737305
3.934769630432129
3.875437021255493
4.088241100311279
3.8624255657196045
4.333969593048096
4.329375267028809
3.938311815261841
4.275304794311523
4.2503204345703125
3.955918788909912
3.539060115814209
3.7748560905456543
4.183642864227295
4.134462833404541
4.499902725219727
4.014057159423828
3.6373915672302246
4.321220397949219
4.054441928863525
3.9580271244049072
4.02182149887085
3.8220865726470947
4.331138610839844
4.462875843048096
4.2350006103515625
4.235218048095703
3.9699459075927734
4.124392986297607
3.982924222946167
3.7395095825195312
3.9669058322906494
3.678128480911255
3.839064359664917
4.2123613357543945
3.8456685543060303
4.412837505340576
4.460139274597168
4.207362174987793
3.8842837810516357
4.4018330574035645
4.099685192108154
3.8362314701080322
4.330203056335449
4.025496959686279
4.187221050262451
4.620673656463623
3.957656145095825
4.315184116363525
4.180290222167969
4.2244343757629395
4.115324974060059
3.927856206893921
4.319698810577393
4.140218734741211
4.112752914428711
3.7575745582580566
3.8012466430664062
4.19441032409668
3.9282987117767334
3.6003434658050537
3.627934455871582
4.235612392425537
4.093298435211182
4.052536964416504
4.088827133178711
3.656135082244873
4.2111735343933105
3.9835121631622314
4.041559219360352
3.851825475692749
4.08019495010376
4.198943138122559
4.064671039581299
3.842630386352539
3.8153369426727295
3.9436779022216797
4.012099742889404
4.198350429534912
3.88503360748291
3.9110915660858154
3.9134209156036377
4.097281455993652
3.830686569213867
4.352859973907471
3.811981678009033
4.135986328125
4.019885540008545
3.772183418273926
3.9940295219421387
3.9861948490142822
3.821112632751465
4.539370059967041
3.8948252201080322
4.239161968231201
3.902468681335449
4.08516263961792
4.006392478942871
3.8575191497802734
3.666722059249878
4.300424098968506
4.002955436706543
4.269174575805664
4.025752067565918
3.930950403213501
4.196455001831055
4.3567280769348145
3.810143232345581
3.9172165393829346
4.129360198974609
4.042720317840576
3.9345967769622803
3.880702018737793
4.118282794952393
4.094300270080566
3.7372748851776123
3.9562058448791504
4.2505059242248535
3.9649393558502197
4.394698619842529
4.393185615539551
3.8890976905822754
3.835084915161133
3.958390474319458
3.814983606338501
4.300889015197754
3.7379562854766846
3.986987352371216
3.968324661254883
4.314708709716797
3.774883985519409
3.6803388595581055
4.023209571838379
4.326528549194336
3.7470743656158447
4.281184196472168
3.9847829341888428
4.08703088760376
4.000601768493652
4.075570583343506
3.9841370582580566
3.7576212882995605
4.145488739013672
3.797990560531616
4.4341325759887695
4.276852130889893
4.554676055908203
4.03628396987915
4.078710556030273
4.2959771156311035
4.119194984436035
4.403108596801758
4.104454517364502
4.185755729675293
3.987436294555664
3.74367094039917
3.9685614109039307
3.946012020111084
4.245721340179443
4.043760299682617
4.146956443786621
3.974838972091675
3.996169090270996
3.7865231037139893
4.433974266052246
4.156763553619385
3.8598055839538574
4.398154258728027
4.004032135009766
4.072098731994629
4.276744842529297
4.127527713775635
4.21040153503418
3.8702144622802734
4.007984161376953
4.087945461273193
3.971168041229248
4.013643264770508
4.174407482147217
3.8274571895599365
3.9924895763397217
4.315554141998291
3.8385872840881348
4.339422702789307
3.7308905124664307
3.9051918983459473
4.267208099365234
4.272439956665039
4.154371738433838
3.8869709968566895
4.209331035614014
4.17271614074707
3.877725124359131
4.103058338165283
4.027342796325684
4.196609020233154
4.055861949920654
4.269015789031982
3.962543487548828
4.141337871551514
3.8014519214630127
4.172576427459717
3.812920570373535
3.794491767883301
3.8934266567230225
3.6202752590179443
4.310177803039551
4.096064567565918
4.06436824798584
4.0803704261779785
4.001994609832764
3.8041036128997803
3.8485934734344482
4.232156276702881
3.8612616062164307
4.220536231994629
4.151387691497803
3.7910804748535156
4.075636386871338
4.196211814880371
3.5612552165985107
4.154201030731201
3.978091239929199
3.9379186630249023
4.4024176597595215
4.179859638214111
4.436532020568848
4.307291507720947
4.004330158233643
4.035013198852539
3.87162709236145
3.946664333343506
3.576046943664551
4.179962635040283
3.9376370906829834
3.6394073963165283
3.8677642345428467
3.687293529510498
3.74753737449646
3.9231088161468506
4.135280132293701
4.173928260803223
3.7981455326080322
4.215979099273682
3.7737534046173096
4.102726936340332
3.937364101409912
4.117905616760254
3.734265089035034
3.9967801570892334
4.018470287322998
3.862361431121826
4.245706081390381
4.023468971252441
3.8198251724243164
4.258615493774414
3.958746910095215
3.9823086261749268
3.8903162479400635
3.7446348667144775
3.826181411743164
3.9659833908081055
4.33455228805542
4.231003284454346
3.930856466293335
3.8768575191497803
4.689292907714844
3.9422826766967773
4.030625820159912
3.9470512866973877
3.92624831199646
3.618530511856079
3.976989269256592
3.7418370246887207
3.7671568393707275
4.077981948852539
4.0964813232421875
3.915085554122925
4.401705741882324
3.8220462799072266
3.854280710220337
3.8523995876312256
3.986532211303711
3.611401081085205
4.1184563636779785
4.083171844482422
3.987375020980835
4.007778167724609
3.8173446655273438
3.9831185340881348
3.979339599609375
3.946197748184204
3.7920985221862793
3.995333671569824
4.228353023529053
4.228023529052734
3.8716342449188232
4.084025859832764
3.6677443981170654
3.9491894245147705
3.6700005531311035
4.164553642272949
3.976442575454712
4.287642478942871
4.1327996253967285
4.295068264007568
4.1545939445495605
3.7974624633789062
3.827893018722534
4.054757595062256
3.808959484100342
4.290160655975342
4.271249294281006
3.924891710281372
3.8501672744750977
4.018119812011719
3.8962762355804443
3.9412894248962402
4.130932331085205
3.8731775283813477
4.413692951202393
4.550666809082031
3.9810867309570312
3.906026601791382
4.12999963760376
4.123025894165039
4.175377368927002
4.110569000244141
4.381681442260742
4.3258585929870605
4.13809061050415
4.233171463012695
3.7626726627349854
4.1974287033081055
4.094253063201904
3.8158199787139893
4.00331974029541
4.144207000732422
3.7609121799468994
4.274833679199219
3.897630214691162
4.025418281555176
3.9051756858825684
3.9281868934631348
3.9882733821868896
4.05172061920166
4.1248884201049805
4.210827827453613
4.07279109954834
4.096816062927246
3.8851430416107178
4.275306701660156
3.967092990875244
4.26315975189209
4.145901203155518
3.985386371612549
4.309650897979736
3.7183473110198975
4.1373701095581055
3.8483963012695312
3.881591796875
4.195713520050049
3.761326313018799
3.8568739891052246
4.218461513519287
4.375643253326416
4.098026275634766
3.906125068664551
4.059228420257568
3.9051899909973145
4.292778491973877
4.303089618682861
3.9656739234924316
3.652862071990967
4.202670097351074
3.992452621459961
3.7319700717926025
3.834752082824707
4.343974590301514
3.760429620742798
4.059052467346191
4.2121710777282715
4.416074275970459
4.084141254425049
4.376324653625488
4.086814880371094
3.768718957901001
4.3930768966674805
3.80279803276062
4.116435527801514
3.8236093521118164
4.271060466766357
4.057681560516357
4.185999870300293
3.559749126434326
4.414612770080566
3.892592191696167
4.507275581359863
4.049594402313232
3.802929162979126
4.341759204864502
4.344241619110107
3.749089241027832
3.9424774646759033
4.146698474884033
4.049363613128662
4.266393661499023
3.935635805130005
3.734138250350952
3.9243807792663574
3.8280091285705566
4.248307228088379
4.11912727355957
4.215447425842285
4.3565826416015625
3.9318432807922363
4.198803424835205
3.8289341926574707
4.3483476638793945
4.4134626388549805
3.82190203666687
4.384135723114014
3.871394157409668
3.9000473022460938
4.185472011566162
3.702254056930542
3.9195821285247803
4.085720539093018
3.814805507659912
4.015655517578125
4.07156229019165
3.886319875717163
4.284757614135742
4.153156280517578
4.32431697845459
4.151181697845459
4.338932037353516
4.35091495513916
4.013571262359619
4.392104148864746
3.9486074447631836
3.91530704498291
4.0440192222595215
4.357755661010742
3.9523699283599854
4.033443927764893
3.622896194458008
3.765949249267578
4.179815769195557
4.218743324279785
4.0899248123168945
4.563271522521973
3.681375503540039
4.319736480712891
4.181989669799805
4.033975601196289
4.17424201965332
3.871216058731079
4.281358242034912
4.305255889892578
4.121826171875
3.8295845985412598
3.803772449493408
3.8855373859405518
3.986046314239502
3.773735284805298
3.8878419399261475
4.007271766662598
3.8788204193115234
4.035371780395508
4.411788463592529
4.207878589630127
3.813892364501953
4.4790425300598145
3.5776193141937256
4.064128875732422
3.94502592086792
3.962557077407837
4.156525611877441
3.7177345752716064
3.901759147644043
4.192721843719482
4.0315046310424805
4.130688190460205
3.669616222381592
3.912626266479492
4.231959819793701
3.524702310562134
4.082502841949463
3.8067374229431152
4.2339091300964355
3.76470947265625
4.103677749633789
3.922078847885132
4.12360954284668
4.11800479888916
3.711935520172119
3.860969066619873
3.94287109375
3.7481932640075684
3.9098165035247803
4.172781944274902
4.242389678955078
4.121984004974365
3.8797895908355713
3.8192477226257324
3.934481382369995
4.164279460906982
3.766472578048706
3.7429616451263428
4.135875225067139
4.06358528137207
3.812084436416626
3.9847822189331055
4.28501558303833
4.164679050445557
3.5772202014923096
4.085406303405762
3.927387237548828
4.338566303253174
4.205117702484131
3.815308094024658
3.8329811096191406
4.086969375610352
3.6511635780334473
3.747053384780884
3.98572039604187
4.068428039550781
3.5664632320404053
4.229615211486816
4.064286231994629
4.218966007232666
4.218377590179443
3.8388755321502686
4.294444561004639
3.970052719116211
4.1563944816589355
4.024723529815674
4.0059380531311035
4.2183966636657715
3.9017152786254883
3.964881181716919
3.993359327316284
4.082596302032471
4.130263328552246
4.2205305099487305
4.217462539672852
4.046141624450684
4.415506839752197
4.005004405975342
4.102729320526123
4.0806097984313965
4.052850723266602
3.847898006439209
4.217961311340332
4.03217887878418
4.021119594573975
4.0782294273376465
4.0237579345703125
4.173140525817871
3.992638111114502
3.9410691261291504
4.110478401184082
4.400497913360596
4.296027183532715
3.841444969177246
3.8942172527313232
4.336569309234619
4.078733921051025
4.18691873550415
3.904467821121216
4.062828540802002
4.292622089385986
4.127805709838867
4.010700225830078
3.666172504425049
3.9177451133728027
3.838132858276367
3.8532848358154297
3.733616352081299
4.016989231109619
3.927612543106079
4.130202770233154
3.773362874984741
3.960296630859375
3.8826072216033936
3.790921688079834
3.8676233291625977
4.144598960876465
3.921881675720215
3.8550891876220703
4.310754776000977
3.7975900173187256
4.059709548950195
3.732863187789917
4.0377655029296875
4.087758541107178
3.857848644256592
3.7660813331604004
4.181219100952148
4.128995895385742
3.8264594078063965
3.651456594467163
3.853578805923462
3.8569207191467285
4.455682277679443
3.8858413696289062
3.846663236618042
3.7694716453552246
4.066240310668945
4.2473835945129395
3.9754176139831543
3.705319881439209
3.7659308910369873
4.214329242706299
4.201935291290283
3.9317948818206787
3.7291526794433594
4.229214668273926
3.8777925968170166
4.198838710784912
4.025310039520264
4.1768670082092285
3.9495389461517334
4.197024822235107
3.6370351314544678
4.028069019317627
4.022439956665039
4.226782321929932
3.99308180809021
3.8216261863708496
4.369853496551514
3.7083394527435303
3.941429615020752
3.6966946125030518
3.9817698001861572
3.809358596801758
3.7812998294830322
3.879530191421509
4.333206653594971
3.634720802307129
3.8592045307159424
3.8703954219818115
3.863736152648926
3.7462825775146484
4.395880222320557
4.092626571655273
3.6699392795562744
4.063292026519775
4.285113334655762
4.149783611297607
3.811497449874878
4.041694164276123
4.125017166137695
3.9594693183898926
3.908689260482788
4.084073066711426
3.9370908737182617
3.952291488647461
3.5947470664978027
4.331198692321777
4.087474346160889
3.979193687438965
3.9657840728759766
4.000604152679443
3.6526238918304443
3.83577561378479
4.661552429199219
4.350894927978516
4.538325309753418
4.474339962005615
3.888249158859253
4.051451683044434
3.8175549507141113
4.200470924377441
3.7836415767669678
3.878305196762085
4.1159491539001465
4.399421215057373
4.160024642944336
4.339192867279053
3.626380205154419
4.093508720397949
3.753765106201172
4.431330680847168
3.8701045513153076
4.160174369812012
4.050354480743408
3.8308560848236084
3.772465705871582
3.8588147163391113
4.318412780761719
3.566896438598633
3.8366856575012207
4.124411582946777
3.946277618408203
4.274584770202637
3.7503044605255127
3.926166534423828
3.5692784786224365
4.251327991485596
4.266017436981201
4.050929069519043
4.024742603302002
4.0792083740234375
3.9417929649353027
4.081316947937012
4.326183795928955
4.021347522735596
3.9068055152893066
4.182632923126221
4.238511085510254
4.106520175933838
3.9487667083740234
3.7795019149780273
3.9346258640289307
3.728342056274414
3.9611263275146484
4.149563789367676
4.494532585144043
4.16527795791626
4.115049839019775
4.17180871963501
4.176699161529541
3.8898496627807617
3.94075083732605
3.9799067974090576
3.9462947845458984
4.330042839050293
4.021231174468994
4.23712682723999
3.521578311920166
3.502072811126709
3.9228687286376953
3.8094615936279297
3.7797634601593018
4.338763236999512
4.041953086853027
3.996286630630493
3.7134904861450195
4.240851402282715
3.810887098312378
3.7305777072906494
4.015315055847168
4.113530158996582
4.005202293395996
4.065697193145752
3.6427905559539795
4.248425483703613
4.002623081207275
4.161670684814453
3.9366438388824463
3.837489604949951
3.7076759338378906
3.7369110584259033
3.6098978519439697
4.005777359008789
4.120260715484619
3.741569757461548
3.9637291431427
4.02076530456543
4.354261875152588
4.093451976776123
3.862542152404785
4.126306056976318
3.7527201175689697
4.062040328979492
3.8476438522338867
3.9817583560943604
3.8369088172912598
4.183326721191406
4.074706077575684
3.814906597137451
4.0221734046936035
3.983313798904419
3.7716562747955322
3.801694631576538
3.5912535190582275
4.135977745056152
3.8129565715789795
3.9524435997009277
3.841628313064575
3.9012296199798584
3.9403982162475586
3.9580800533294678
3.8972506523132324
4.187388896942139
4.058995723724365
4.242519378662109
3.935762405395508
4.345291614532471
4.025667667388916
4.052855968475342
4.243654727935791
3.903827667236328
4.209043025970459
3.8542850017547607
4.140052795410156
4.129458904266357
3.955312490463257
4.259166717529297
3.9838061332702637
3.633204936981201
4.179327487945557
3.906670331954956
3.835188627243042
3.98789381980896
4.457295894622803
4.377240180969238
3.908428430557251
3.80122709274292
3.77378249168396
3.810389995574951
3.8491806983947754
3.9788265228271484
4.000138282775879
3.7359836101531982
4.16269588470459
3.9583139419555664
4.220851421356201
4.113409996032715
3.6682469844818115
4.0242204666137695
4.016369342803955
3.6818015575408936
3.766000986099243
4.305716037750244
3.929828643798828
4.059553623199463
3.7693653106689453
4.212307453155518
3.751491069793701
4.341060638427734
4.140020847320557
4.116114139556885
3.968998432159424
4.388175010681152
3.800158739089966
4.100602149963379
3.7926523685455322
3.8310678005218506
3.730203628540039
4.133118152618408
3.887678861618042
3.8388142585754395
4.2315874099731445
3.839552640914917
4.104371070861816
3.97202205657959
4.145028114318848
3.769817590713501
3.7074837684631348
3.753216505050659
4.111818313598633
3.9034488201141357
3.7674217224121094
4.048567771911621
4.147900581359863
3.5944900512695312
4.4170942306518555
4.196018695831299
4.211283206939697
4.025506496429443
3.9355628490448
3.675363540649414
3.5198404788970947
3.8311147689819336
3.9590840339660645
3.6286394596099854
4.194046974182129
3.8526692390441895
3.933562755584717
3.8490147590637207
3.9558541774749756
4.253489971160889
3.8168835639953613
4.203335285186768
3.6382741928100586
3.9409396648406982
4.41203498840332
4.171789169311523
3.946551561355591
3.7353198528289795
3.834373950958252
3.876631259918213
3.9895710945129395
4.156634330749512
4.065308094024658
4.389784812927246
4.343482494354248
4.177350997924805
3.884131908416748
4.4466986656188965
4.129587173461914
3.9455018043518066
3.984853982925415
3.757380962371826
4.258133888244629
4.2734694480896
4.060000896453857
4.107046127319336
4.55043363571167
4.5211381912231445
4.234699726104736
3.9587814807891846
