5.562654495239258
5.716089248657227
5.495898723602295
5.518338680267334
5.4299540519714355
5.460108757019043
5.2322773933410645
5.163388252258301
5.15413236618042
5.220576286315918
4.981514930725098
5.163872241973877
5.2169084548950195
5.1157145500183105
5.255980968475342
5.089722156524658
5.0987324714660645
5.002104759216309
5.293984413146973
5.54402494430542
5.08667516708374
5.1570868492126465
5.097488880157471
5.0479326248168945
5.382326126098633
5.156254291534424
5.2150068283081055
5.104496002197266
5.067018032073975
5.3697967529296875
4.996730327606201
5.089293003082275
5.313206672668457
5.113919258117676
5.010753154754639
4.909446716308594
5.059819221496582
5.1801371574401855
5.297039985656738
4.980280876159668
4.98305082321167
4.983532428741455
4.959544658660889
4.91276216506958
4.957312107086182
5.290669918060303
5.731941223144531
5.141292572021484
5.030803680419922
4.797206878662109
4.991424083709717
5.303396701812744
5.386720180511475
5.037517070770264
4.969516277313232
5.137750625610352
5.0915327072143555
4.960257053375244
5.034120082855225
4.966536045074463
5.504069805145264
5.0417256355285645
5.183050155639648
5.117734432220459
5.251432418823242
5.025191307067871
5.009179592132568
5.025341987609863
5.023200035095215
4.91315221786499
4.983977794647217
5.154136657714844
4.855218410491943
4.8629631996154785
4.986695289611816
4.724513530731201
5.294784069061279
4.66872501373291
4.8093180656433105
4.7861647605896
4.738841533660889
4.708056449890137
4.920040607452393
4.950015544891357
4.742283821105957
4.902219772338867
4.647994041442871
5.04066801071167
4.848822593688965
4.67645788192749
4.898558139801025
5.535730361938477
4.923197269439697
4.711740016937256
4.872523307800293
4.823025226593018
4.583891868591309
5.173486232757568
4.671267032623291
4.815291404724121
4.743949890136719
4.819713115692139
4.770730972290039
4.948306083679199
4.674834728240967
5.049408435821533
4.741433143615723
4.693145275115967
4.927031517028809
4.5697736740112305
4.777620315551758
4.924980163574219
4.735942363739014
4.6944475173950195
4.559411525726318
4.608973979949951
4.743070602416992
5.384665012359619
4.652910232543945
4.530833721160889
4.607334136962891
4.5221052169799805
4.729160308837891
5.255980968475342
4.5976996421813965
4.685537815093994
4.8348164558410645
4.438421249389648
4.587815284729004
4.51161527633667
4.595766544342041
4.73698091506958
5.643887996673584
4.479772567749023
4.942872047424316
4.592851638793945
4.8244147300720215
4.917337894439697
4.709607124328613
4.600951671600342
4.496799468994141
4.965366363525391
4.983974456787109
4.836432456970215
4.7481255531311035
4.556405544281006
4.6717848777771
4.819889068603516
4.7593584060668945
4.830353260040283
4.506006717681885
4.692759990692139
4.6595306396484375
4.595487117767334
5.224372863769531
5.2363386154174805
4.91231107711792
5.010793685913086
5.0173821449279785
4.989830493927002
4.851319789886475
5.098824501037598
4.611208915710449
4.902142524719238
4.554415225982666
4.582911014556885
4.650444984436035
4.54950475692749
4.659379482269287
5.1818461418151855
4.67418098449707
4.836666584014893
4.44236946105957
4.5092997550964355
4.933114528656006
4.7104291915893555
4.659002780914307
4.492382049560547
4.573504447937012
4.785059928894043
4.844396591186523
4.9132866859436035
4.37516450881958
4.476276874542236
4.640912055969238
4.6195068359375
4.727062702178955
4.844347953796387
4.689513206481934
4.585379123687744
4.656536102294922
4.593308925628662
4.422370433807373
4.895528793334961
4.668413162231445
4.5786285400390625
4.448451995849609
4.765522003173828
4.461182594299316
4.435690879821777
4.5068793296813965
4.6283650398254395
4.356675624847412
4.872476577758789
4.568497180938721
5.3562750816345215
4.696264743804932
5.144824981689453
4.313737869262695
4.7978596687316895
4.518173694610596
4.638373851776123
4.784343242645264
4.985952377319336
4.50313138961792
4.688853740692139
4.824498653411865
4.914196014404297
4.475873947143555
4.96362829208374
4.553228378295898
5.062594413757324
4.698453426361084
4.501914024353027
4.501676082611084
4.734784126281738
4.7363786697387695
4.703380584716797
4.521786689758301
4.600587844848633
4.280151844024658
5.940081596374512
4.605031967163086
4.946274757385254
4.650242805480957
4.678779602050781
4.701249122619629
4.520621299743652
4.506122589111328
4.369357585906982
4.638701438903809
4.613544940948486
4.345857620239258
4.897329807281494
5.111692905426025
4.809962749481201
4.9484944343566895
4.786725044250488
4.78200101852417
4.770505428314209
4.749779224395752
4.62639856338501
4.4745049476623535
4.517032146453857
5.1416850090026855
4.640535354614258
4.736751079559326
4.820306777954102
4.892005443572998
4.692859649658203
4.588810443878174
4.6654744148254395
4.4611287117004395
5.208352088928223
4.8432536125183105
5.012890338897705
4.853117942810059
4.82584810256958
4.879504680633545
4.737422466278076
4.655277252197266
5.013678550720215
4.637032985687256
4.587504863739014
4.950667381286621
4.427038192749023
4.455564975738525
4.42305850982666
4.563009738922119
4.568379878997803
4.5225324630737305
5.389233589172363
4.612247943878174
4.437222957611084
4.536741733551025
4.310390472412109
4.643346786499023
4.317976474761963
4.519793510437012
4.407760143280029
4.585118770599365
4.480191230773926
4.3108625411987305
4.888956069946289
4.581996917724609
4.969137191772461
4.491411209106445
4.275665760040283
4.514664173126221
5.311279773712158
4.861123085021973
5.279292583465576
4.941966533660889
4.771450519561768
4.831969738006592
4.8393731117248535
4.834941864013672
5.080255508422852
5.004458427429199
4.575896739959717
4.8735480308532715
4.637518882751465
4.5544352531433105
4.779628276824951
4.486340045928955
5.3110671043396
4.620614051818848
4.650906085968018
4.638416767120361
4.34592866897583
4.651583671569824
4.528719902038574
4.742371559143066
4.396400451660156
4.514745235443115
4.595427989959717
4.454948425292969
4.624987602233887
4.327885150909424
4.524417400360107
4.761003017425537
4.62336540222168
4.9651713371276855
4.582919597625732
4.693783760070801
4.636900424957275
4.751303195953369
4.4657135009765625
4.40934419631958
4.492617130279541
5.002284049987793
4.381930351257324
4.377233505249023
4.536877155303955
4.707276821136475
4.719771385192871
4.691596984863281
4.372089385986328
4.56073522567749
4.704802513122559
4.746852874755859
4.442989349365234
4.958660125732422
4.662227630615234
4.442956924438477
4.666650295257568
4.848789215087891
4.348295211791992
4.469922065734863
4.704364776611328
4.728700160980225
4.569338321685791
4.329972743988037
4.228675365447998
4.505919456481934
4.325940132141113
4.552536964416504
4.612944602966309
4.844024181365967
4.5440168380737305
4.64512300491333
4.495650768280029
5.023764610290527
4.948019027709961
4.652054309844971
4.295934677124023
4.672945976257324
4.413908004760742
4.536674976348877
4.829288482666016
4.839800834655762
4.435427188873291
4.649489879608154
4.9423441886901855
4.704841136932373
4.486389636993408
4.591436862945557
4.338559150695801
4.781577110290527
4.548285961151123
4.853921413421631
4.4557976722717285
4.348245143890381
4.317027568817139
4.539628982543945
4.326192378997803
4.660019397735596
5.003521919250488
4.519967555999756
4.478463172912598
4.585877418518066
4.87477970123291
4.478328704833984
4.2685418128967285
4.397337436676025
4.693055629730225
4.5307207107543945
4.517641544342041
4.6699042320251465
4.599454402923584
4.665567874908447
5.235034465789795
4.580557346343994
4.592891693115234
4.713430881500244
4.39451789855957
4.2604851722717285
4.143267631530762
4.583054542541504
4.1460442543029785
4.259467601776123
4.602651596069336
4.459372043609619
4.4390764236450195
4.486947536468506
4.433704853057861
4.509493350982666
4.8068037033081055
4.455235958099365
4.449833869934082
4.632482528686523
4.58651065826416
4.372633457183838
4.387297630310059
4.737339496612549
4.587965488433838
4.349759578704834
4.316793918609619
4.134721279144287
4.2653045654296875
4.35548210144043
4.284152030944824
5.107679843902588
4.482762336730957
4.359178066253662
4.364068031311035
4.715907573699951
4.704341888427734
4.656057357788086
4.595505714416504
4.526466369628906
4.77078914642334
4.61092472076416
4.125274181365967
4.4424238204956055
4.488193511962891
4.4465742111206055
4.3370280265808105
4.569937705993652
4.388068675994873
4.780287265777588
4.427468299865723
4.679150581359863
4.853678226470947
4.830008029937744
4.495874404907227
4.413357257843018
4.503359794616699
4.610673427581787
4.345715045928955
4.892128944396973
4.458108425140381
4.489080905914307
4.838423728942871
4.599790096282959
4.427088260650635
4.503032207489014
4.209698677062988
4.920613765716553
4.206192970275879
4.570443630218506
4.530965805053711
4.587835788726807
4.242215156555176
4.697780132293701
4.683769702911377
4.523048400878906
5.035579204559326
4.446554183959961
4.514720439910889
4.527827262878418
4.531692028045654
4.582982540130615
4.458075523376465
4.645339012145996
4.53750467300415
4.801347732543945
4.174607276916504
4.393933296203613
4.389687538146973
4.8887810707092285
4.342471122741699
4.267981052398682
4.221206188201904
4.708224773406982
4.794454574584961
4.366204261779785
4.528605937957764
4.6600165367126465
4.180251598358154
4.633026599884033
4.626294136047363
4.489344120025635
4.645238876342773
4.476544380187988
4.289709568023682
4.292818069458008
4.5342817306518555
4.219174861907959
4.286251068115234
4.3662590980529785
4.589512348175049
4.336916446685791
4.270715236663818
4.208694934844971
4.34574031829834
4.657532215118408
4.682330131530762
4.157575607299805
4.529637336730957
4.1012420654296875
4.221101760864258
4.441623210906982
4.295142650604248
4.326854705810547
4.116151809692383
4.391911029815674
4.1045942306518555
4.36196231842041
4.244621276855469
4.471296310424805
4.2324748039245605
4.769957542419434
4.233564853668213
4.604824066162109
4.577272891998291
4.425804615020752
4.236661434173584
4.606947422027588
4.38117790222168
4.478571891784668
4.591876029968262
4.318916320800781
4.7068376541137695
4.71943998336792
4.989328384399414
4.323253154754639
4.265096664428711
4.982522487640381
4.354589939117432
4.261732578277588
4.414863586425781
4.41687536239624
4.2064924240112305
4.525911808013916
4.505916118621826
4.417862892150879
4.117058753967285
4.518187522888184
4.067005157470703
4.494444847106934
4.44102144241333
4.312882900238037
4.382030487060547
4.190577983856201
4.249555587768555
4.547144412994385
4.422812461853027
4.1675848960876465
4.267579555511475
4.264321327209473
4.1719889640808105
5.1634955406188965
4.542008399963379
4.466566562652588
4.454361438751221
4.416651248931885
4.46575927734375
4.665816307067871
4.906058311462402
4.391360282897949
4.390509605407715
4.502612590789795
4.219124794006348
4.465512275695801
4.485339164733887
4.653288841247559
4.468041896820068
4.737834930419922
4.1773295402526855
4.422976493835449
4.252126693725586
4.472170352935791
4.938812732696533
4.374614238739014
4.3952813148498535
4.68492317199707
4.472126483917236
4.232932090759277
4.493474960327148
4.415865421295166
4.952045917510986
4.916779518127441
4.5414652824401855
4.169274806976318
4.589753150939941
4.488831520080566
4.479785919189453
4.464944839477539
4.46120548248291
4.251683235168457
4.48958683013916
5.283900737762451
4.539872646331787
4.79857063293457
4.336282730102539
4.768770217895508
4.309563159942627
4.629173755645752
4.976325035095215
4.6546549797058105
4.890935897827148
4.441372871398926
4.3243021965026855
4.4398193359375
4.455052375793457
4.25184440612793
4.161715507507324
4.480474948883057
4.558204174041748
4.66799783706665
4.860841274261475
4.371067047119141
4.587023735046387
4.9048309326171875
4.077462673187256
4.599611282348633
4.569276809692383
4.648374080657959
4.398629665374756
4.639908313751221
4.220987796783447
4.566605091094971
4.237203121185303
4.122893810272217
4.27898645401001
4.262755393981934
4.257847309112549
4.3858184814453125
4.752743244171143
4.496085166931152
4.492751598358154
4.2347307205200195
4.579879283905029
4.67081356048584
4.570681095123291
4.246448516845703
4.4398112297058105
3.915242910385132
4.323681354522705
4.562229156494141
4.696496486663818
4.351189613342285
4.422888278961182
4.490225315093994
4.44424295425415
4.1111674308776855
5.020832538604736
4.209455490112305
4.419994831085205
4.288956165313721
4.940524101257324
4.308653831481934
4.353324890136719
4.34943151473999
4.079807758331299
4.786120414733887
4.489737510681152
4.462769508361816
4.278501033782959
4.607057571411133
4.396675109863281
4.590633869171143
4.395118713378906
4.469257354736328
4.249392509460449
4.355618953704834
4.334721088409424
4.173788547515869
4.263143539428711
4.283568382263184
4.134963512420654
4.515390396118164
4.334138870239258
4.406388282775879
4.380169868469238
4.017857551574707
5.027863502502441
4.4273858070373535
4.234641075134277
4.156296730041504
4.343480587005615
4.527680397033691
4.203040599822998
4.465646266937256
4.524494647979736
4.517605781555176
4.3398284912109375
4.812606334686279
4.217630386352539
4.309579372406006
4.342691421508789
4.256502151489258
4.16986608505249
3.9871246814727783
4.550774574279785
4.476469993591309
4.31643009185791
4.183112144470215
4.589816570281982
4.1940178871154785
4.6675944328308105
4.591281414031982
4.5074615478515625
4.188385486602783
4.630642414093018
4.0913920402526855
4.269469738006592
4.555684566497803
4.228374481201172
4.387814521789551
4.720763206481934
4.627531051635742
4.749660015106201
4.81860876083374
4.6245198249816895
4.317678928375244
4.214358806610107
4.821342945098877
4.8146162033081055
4.460376262664795
4.216386795043945
4.502642631530762
4.252205848693848
4.548058032989502
4.420797824859619
4.305721282958984
4.174000263214111
4.458067893981934
4.461590766906738
4.347256660461426
4.425257682800293
4.857971668243408
4.498805999755859
4.258388996124268
4.392920970916748
4.502264976501465
4.547729969024658
4.7619781494140625
4.406673908233643
4.4669318199157715
4.550851345062256
4.35019588470459
4.135540962219238
4.411805152893066
4.504100799560547
4.329695224761963
4.534572124481201
4.394362449645996
4.47162389755249
4.493535995483398
4.1782917976379395
4.100238800048828
4.232056617736816
4.93366813659668
4.135890960693359
3.9082400798797607
4.573249816894531
4.285931587219238
4.401769638061523
4.303946018218994
4.183445930480957
5.0090203285217285
4.225121021270752
4.733802318572998
4.1657795906066895
4.651422500610352
4.250889778137207
4.271903038024902
4.308804512023926
4.156270503997803
4.472288608551025
4.494593620300293
4.445460319519043
4.050622463226318
4.5361175537109375
4.422658920288086
4.508353233337402
4.7438201904296875
4.088322162628174
4.353921413421631
4.230454444885254
4.449328422546387
4.380784034729004
4.453106880187988
4.19467306137085
4.305121898651123
5.184387683868408
4.167816638946533
4.2942352294921875
4.140955924987793
4.407730579376221
4.188415050506592
4.444911003112793
4.320819854736328
4.361141204833984
4.505267143249512
4.059202194213867
4.4013237953186035
4.531917095184326
4.495790481567383
4.483928680419922
4.165762901306152
4.1074419021606445
4.608527183532715
4.93790340423584
4.377199649810791
4.517057418823242
4.661201000213623
4.176530361175537
4.703363418579102
4.590512752532959
4.363091468811035
4.3231329917907715
4.432137966156006
4.688232421875
4.486347675323486
4.668493270874023
3.989046096801758
4.49917459487915
4.395811080932617
4.510518550872803
4.2867841720581055
4.870195388793945
4.3536696434021
4.068388938903809
4.316281318664551
4.460397243499756
4.45412015914917
4.4780354499816895
4.077991485595703
4.1020379066467285
4.075063705444336
4.294455528259277
4.222620964050293
4.279267311096191
4.137253761291504
4.34284782409668
4.2530975341796875
4.332418441772461
4.053060531616211
4.493221282958984
4.308055877685547
4.426610946655273
4.25533390045166
4.647729873657227
4.174785137176514
4.646553993225098
4.610234260559082
4.182914733886719
4.085890293121338
4.359965801239014
4.4895243644714355
4.069643497467041
4.1922502517700195
4.786624431610107
4.047362327575684
4.3373212814331055
4.671669960021973
4.307051658630371
4.156783580780029
4.741195201873779
4.113259792327881
4.848874568939209
4.021883010864258
4.6225266456604
4.263059139251709
4.276187419891357
4.2209882736206055
4.334515571594238
4.453533172607422
