5.56626033782959
5.556342601776123
5.551636219024658
5.53665018081665
5.521073818206787
5.508999824523926
5.487898826599121
5.45374059677124
5.4893107414245605
5.410516738891602
5.489563941955566
5.357283592224121
5.341071128845215
5.328686237335205
5.387187957763672
5.5477495193481445
5.2982683181762695
5.450120449066162
5.271864891052246
5.184017181396484
5.222619533538818
5.667187213897705
5.4492716789245605
5.268468856811523
5.523819923400879
5.455945014953613
5.245682239532471
5.283483982086182
5.324007034301758
5.2995147705078125
5.339780330657959
5.256026744842529
5.225865840911865
5.150008678436279
5.395209312438965
5.362963676452637
5.321924686431885
5.032956123352051
5.113987445831299
5.498033046722412
5.150774955749512
5.030557155609131
5.036323547363281
5.192558765411377
4.974275588989258
5.001518726348877
5.1504645347595215
5.166618347167969
4.990298748016357
4.910915374755859
5.052352428436279
5.519191265106201
5.044369697570801
4.934751033782959
5.014439582824707
5.36729621887207
4.963980197906494
5.0413336753845215
4.953692436218262
4.945164680480957
4.849155426025391
4.900293350219727
5.326501846313477
5.105757236480713
5.214563369750977
5.05966854095459
5.12657356262207
5.121898651123047
4.927285671234131
4.9611382484436035
4.9653215408325195
5.374330043792725
4.973177433013916
5.018093585968018
4.9651336669921875
4.843059539794922
4.887578010559082
4.7689528465271
4.7486467361450195
5.1400604248046875
5.66717004776001
4.887184143066406
5.796608924865723
5.065121173858643
4.955229759216309
5.045723915100098
4.977294445037842
5.022971153259277
5.079497814178467
5.162928581237793
4.981788158416748
5.228615760803223
4.815659046173096
5.1966352462768555
4.857406139373779
4.814923286437988
4.97300910949707
4.9581170082092285
4.987706184387207
5.003028392791748
5.124470233917236
5.461752891540527
5.307456016540527
4.990077018737793
5.041783332824707
4.9710798263549805
4.998208522796631
5.561456203460693
4.958240032196045
5.162765026092529
5.04807710647583
5.051965713500977
5.106652736663818
5.133464813232422
5.023867130279541
4.8749260902404785
4.767106533050537
5.062421798706055
4.97340202331543
5.122602939605713
5.053831577301025
5.068165302276611
4.912825584411621
4.957433223724365
5.122868061065674
4.744539737701416
4.803873062133789
5.010092735290527
5.162262916564941
4.855981826782227
4.848278522491455
5.210771083831787
4.9700703620910645
4.881179332733154
4.798583030700684
4.7314348220825195
4.750633239746094
5.563165664672852
4.96366024017334
4.866722106933594
4.766551494598389
4.960376739501953
4.9762349128723145
5.062452793121338
5.173511981964111
5.052975654602051
5.048188209533691
5.035329818725586
4.968222618103027
5.378283977508545
4.818790912628174
4.870536804199219
5.1596479415893555
4.9293413162231445
5.097136974334717
5.100032329559326
5.067327499389648
4.959478855133057
4.839439868927002
4.936178684234619
5.391311168670654
4.753157138824463
5.086215496063232
4.836337089538574
4.88077449798584
5.367002010345459
4.947026252746582
5.004267692565918
4.968976020812988
4.994893550872803
5.310368537902832
5.001664161682129
4.975210189819336
4.960002899169922
4.6651411056518555
4.934772491455078
4.92587423324585
5.005845546722412
5.112884044647217
4.953244686126709
4.788582801818848
4.8606276512146
4.7850518226623535
4.774700164794922
5.0088725090026855
4.81947135925293
5.559469699859619
4.764514923095703
4.902477264404297
4.876647472381592
4.916448593139648
4.998082160949707
4.864198684692383
4.916014671325684
4.866467475891113
5.055449485778809
5.1021270751953125
4.88613748550415
4.75390100479126
4.810172080993652
4.701462268829346
5.073523044586182
4.5948920249938965
4.733750820159912
4.75239896774292
4.6867828369140625
4.575695037841797
4.8531880378723145
4.541640758514404
4.845611095428467
4.798544883728027
5.549466133117676
4.958719730377197
4.931695938110352
4.90347957611084
5.021986961364746
4.79414176940918
4.870539665222168
5.062292575836182
4.776041030883789
4.82855749130249
4.550908088684082
4.741002559661865
5.366739749908447
4.817334175109863
4.549976825714111
4.776724338531494
4.8047003746032715
4.719910144805908
4.807218074798584
4.5589213371276855
4.683262825012207
4.975478649139404
4.961888790130615
4.760219573974609
4.891363620758057
4.858508110046387
4.741194725036621
4.998211860656738
4.794650554656982
5.353809356689453
4.570895195007324
4.8571624755859375
4.948850631713867
4.716362953186035
4.706866264343262
4.71567964553833
4.724295139312744
4.833950519561768
4.632568359375
5.09982967376709
4.802573204040527
4.809144020080566
5.1099467277526855
4.940105438232422
4.898683071136475
4.6464362144470215
5.13816499710083
4.563875675201416
4.761178016662598
5.085373401641846
4.862628936767578
4.780306816101074
4.868808746337891
4.854835510253906
5.144114971160889
4.937550067901611
5.06293249130249
4.875087738037109
4.547905445098877
5.219459533691406
5.821125030517578
4.597621917724609
4.94191312789917
4.846643447875977
5.042718887329102
5.043146133422852
5.062425136566162
4.824333667755127
4.910633087158203
4.727094650268555
5.134426593780518
4.892788410186768
5.228594779968262
4.975572109222412
5.043882369995117
5.416746139526367
4.9818315505981445
4.758420467376709
4.752348899841309
4.846072673797607
5.002175331115723
4.8048930168151855
4.570862770080566
5.143671035766602
4.80678653717041
4.827002048492432
4.955363750457764
4.7013840675354
4.585588455200195
4.698187351226807
4.670411586761475
5.471299171447754
4.9116597175598145
4.448655605316162
4.726839542388916
4.586019992828369
4.7812347412109375
4.882987022399902
4.8351850509643555
4.621797561645508
4.856571674346924
4.5772552490234375
4.525913715362549
4.812765598297119
4.991287708282471
5.04561710357666
4.598737716674805
4.6500725746154785
4.511920928955078
4.84166955947876
4.945520877838135
4.467463970184326
4.685096740722656
4.771420955657959
4.5609354972839355
4.718105792999268
4.691800594329834
4.57090425491333
4.519278526306152
4.720972537994385
4.701449871063232
5.218972206115723
4.645369052886963
4.845275402069092
5.074726581573486
4.750162601470947
4.65048360824585
5.433598518371582
4.573136806488037
4.695718288421631
4.750627040863037
4.9000983238220215
4.705824375152588
4.587172985076904
4.915273666381836
4.495769023895264
4.582120418548584
4.955113410949707
4.635956287384033
4.731083869934082
4.667721271514893
4.5933732986450195
4.557165145874023
5.507936954498291
4.68629789352417
4.752882957458496
4.654361248016357
4.837352275848389
4.873082637786865
4.555792331695557
4.879426002502441
4.79525089263916
4.200685501098633
4.594890594482422
4.602061748504639
5.026335716247559
4.5531229972839355
4.803587436676025
4.725826740264893
4.632153034210205
4.669959545135498
5.02641487121582
4.6194868087768555
4.535608768463135
4.443637847900391
5.415744304656982
5.232385158538818
4.6935200691223145
4.61173677444458
4.767202854156494
4.708869934082031
4.687434673309326
4.7802252769470215
4.719686508178711
4.789160251617432
4.6794023513793945
4.642397880554199
4.724823474884033
5.00469446182251
4.535130977630615
5.280975818634033
4.981062412261963
4.892306327819824
4.653203010559082
4.799027919769287
4.750406742095947
4.780913829803467
4.367714881896973
4.3874993324279785
4.760555744171143
4.580607891082764
5.026723861694336
4.615764141082764
5.248279571533203
4.916497230529785
4.605269432067871
4.704728603363037
4.661178112030029
4.687800407409668
4.670085906982422
4.64876651763916
4.7149882316589355
4.524010181427002
4.956380844116211
4.537120819091797
4.520272731781006
4.4167962074279785
4.421480178833008
4.386479377746582
4.488785743713379
4.5275187492370605
4.987370014190674
4.560362815856934
4.495498180389404
4.396136283874512
5.0976667404174805
4.503057956695557
4.720579624176025
4.470608711242676
4.265976428985596
4.276788234710693
4.563936710357666
4.425978183746338
5.207650661468506
4.920313835144043
4.687638282775879
4.430569648742676
4.6106157302856445
4.853238582611084
4.651849269866943
4.399224281311035
4.703568458557129
4.67869758605957
4.643051624298096
5.014364242553711
4.697138786315918
4.316211223602295
4.361993312835693
4.463626861572266
4.668256759643555
4.6543731689453125
4.807239532470703
4.6628923416137695
4.592939853668213
4.388604164123535
4.3087358474731445
4.4412641525268555
4.489246845245361
5.063419818878174
4.667996883392334
4.626949787139893
4.368437767028809
4.66940975189209
5.0226826667785645
4.399207592010498
4.589258193969727
4.639307498931885
4.252171993255615
4.498661518096924
4.384873867034912
5.6963677406311035
4.5490570068359375
4.701388359069824
4.621626377105713
5.007983684539795
5.004578590393066
4.637881755828857
4.779890060424805
4.687802791595459
4.712603569030762
4.795704364776611
4.862241268157959
5.033499717712402
4.837522506713867
4.606688976287842
4.59774923324585
4.807190895080566
4.661100387573242
4.7780046463012695
4.631859302520752
4.9963274002075195
4.731227397918701
4.638894557952881
4.842615127563477
4.291265964508057
4.5397467613220215
4.8801422119140625
4.687819957733154
4.6999335289001465
4.712917327880859
4.58655309677124
4.470762729644775
4.671574115753174
5.182511806488037
5.534048557281494
4.815253734588623
4.696394920349121
4.832860469818115
4.9439873695373535
4.685896396636963
4.81347131729126
4.532836437225342
4.747231483459473
5.050827980041504
4.878255367279053
4.701452732086182
4.6810784339904785
4.866949558258057
4.482851982116699
4.349402904510498
4.480172634124756
4.789103984832764
4.645474910736084
4.513071060180664
4.37498140335083
4.537378787994385
4.64793586730957
4.650819778442383
4.402939796447754
4.828812599182129
4.412306785583496
4.508774757385254
4.462733268737793
4.674233436584473
4.436821460723877
4.553956031799316
4.637246131896973
4.6556196212768555
5.01193380355835
4.863293647766113
4.627058982849121
4.64274787902832
4.721618175506592
4.621313571929932
4.7040886878967285
4.492062568664551
4.457799434661865
4.663564682006836
4.452566623687744
4.428472518920898
4.439795017242432
5.377750396728516
4.489156723022461
4.477069854736328
4.630913257598877
4.681507110595703
4.536349296569824
4.268190383911133
4.524540424346924
4.318225383758545
5.000361442565918
4.250419616699219
4.451077938079834
4.907608985900879
4.615647315979004
4.503742694854736
4.179914474487305
4.334341049194336
4.5555219650268555
4.2444376945495605
4.539674758911133
4.489906311035156
4.721068859100342
4.601227760314941
4.382304668426514
4.835493564605713
4.667073726654053
4.410829544067383
4.825396537780762
4.515082359313965
4.7214202880859375
4.6058735847473145
4.596418380737305
4.737449645996094
4.543463706970215
4.575663089752197
4.6960015296936035
4.332459926605225
4.450749397277832
4.751559734344482
4.303855895996094
4.52650260925293
5.087275505065918
4.854528427124023
5.137338638305664
5.025633811950684
4.611577033996582
4.749965667724609
4.604841709136963
4.557953834533691
4.862504005432129
4.463006973266602
4.8894734382629395
4.629571914672852
4.576056003570557
4.684929847717285
4.6578264236450195
4.507401943206787
4.742751598358154
4.760749340057373
4.814847469329834
4.918673992156982
4.713191509246826
5.1764421463012695
4.7135910987854
4.762637138366699
4.48708963394165
4.847438812255859
4.628546714782715
4.725884437561035
5.284482955932617
4.867600440979004
4.493165016174316
4.710004806518555
4.765585422515869
4.862849235534668
4.546738147735596
4.7556633949279785
4.628325939178467
4.770310878753662
4.71128511428833
5.00425386428833
4.491568565368652
4.55448055267334
4.689747333526611
4.633644104003906
4.672272682189941
4.755687236785889
4.386382102966309
5.068399429321289
4.58447790145874
4.443844318389893
4.386643886566162
4.3198065757751465
5.019579887390137
4.792510032653809
4.647825241088867
4.304144382476807
4.398862838745117
4.5870537757873535
4.658187389373779
4.59957218170166
4.3127946853637695
4.574098110198975
4.798552989959717
4.747226238250732
4.596090793609619
4.484531402587891
4.645225524902344
4.825750350952148
4.773419380187988
4.601051330566406
4.616345405578613
4.704383850097656
4.291306972503662
4.515381813049316
4.6277031898498535
4.692987442016602
4.9889678955078125
4.875772476196289
4.754425525665283
4.589214324951172
4.5361809730529785
4.311666965484619
4.501803874969482
4.65009880065918
4.65647554397583
4.255865097045898
4.874288082122803
4.813317775726318
4.702962398529053
4.819486141204834
4.609725475311279
4.34442138671875
4.601828098297119
4.4621686935424805
4.89941930770874
4.709423542022705
4.292293548583984
4.529031276702881
4.433810234069824
4.457943916320801
4.5699944496154785
4.278203964233398
4.616579055786133
4.9205732345581055
4.459003448486328
4.666163921356201
4.281774997711182
4.578209400177002
4.48416805267334
4.544665336608887
4.53559684753418
4.512344837188721
4.304673194885254
4.464564323425293
4.67427396774292
4.732959747314453
4.357083797454834
4.622203350067139
5.20194149017334
4.839596748352051
4.669262409210205
4.8868207931518555
4.356083869934082
4.709951400756836
4.816195011138916
4.7402777671813965
4.398077964782715
4.432323455810547
4.460209369659424
4.650285243988037
4.5885233879089355
4.480197429656982
4.649153232574463
4.404975891113281
4.434812068939209
4.500622749328613
4.453100681304932
5.468787670135498
4.443301677703857
4.410558700561523
4.802913665771484
4.65182638168335
4.774374961853027
4.653151512145996
4.46768045425415
4.376716613769531
4.645595550537109
4.587360858917236
4.421786308288574
4.549463748931885
4.887701511383057
4.572775840759277
4.872503280639648
4.770033836364746
4.687660217285156
4.8742594718933105
4.590596675872803
4.667736053466797
4.742175579071045
4.857118129730225
4.775859832763672
4.937088489532471
4.679337501525879
4.574277400970459
4.718104362487793
4.839058876037598
4.743619441986084
4.8485307693481445
4.749968528747559
4.524794101715088
4.479944229125977
4.539631366729736
4.672805309295654
4.766977310180664
5.106463432312012
4.674651145935059
4.514675617218018
4.45806884765625
4.514654159545898
4.684780120849609
4.649056434631348
4.5855021476745605
4.490861415863037
5.227048397064209
4.369977951049805
4.320730686187744
4.286220550537109
4.454292297363281
4.988986015319824
4.468703269958496
4.4702277183532715
4.554215908050537
4.421267986297607
4.488263130187988
4.4642534255981445
4.451736927032471
4.577353477478027
5.355072498321533
4.277651309967041
4.505944728851318
4.30075740814209
4.318784713745117
4.868006229400635
4.390711784362793
4.260762691497803
4.911306858062744
4.4561238288879395
4.589933395385742
4.602017402648926
4.443974494934082
4.552227020263672
4.403639316558838
4.446673393249512
4.143579959869385
4.841247081756592
4.795873165130615
5.222927093505859
4.524579048156738
4.94523811340332
4.829731464385986
4.6949238777160645
4.787181854248047
4.6743550300598145
4.697720050811768
4.806484699249268
4.837764263153076
4.1071858406066895
4.579281806945801
4.8464765548706055
4.647218227386475
5.0051045417785645
4.756534576416016
4.3568115234375
4.761148929595947
4.848508834838867
4.936514377593994
4.72316312789917
4.787317752838135
4.61865234375
4.627079963684082
4.384823322296143
4.409976005554199
4.500055313110352
4.376127243041992
4.704653739929199
4.4269232749938965
4.575192928314209
4.319584369659424
4.397583484649658
4.5076985359191895
4.281192302703857
4.696053981781006
4.2763671875
4.524083137512207
4.633907318115234
4.659815788269043
4.358701229095459
4.434943675994873
4.506169319152832
4.436823844909668
4.413081645965576
4.349743366241455
4.788547039031982
4.377469539642334
4.251049041748047
4.136012077331543
4.245511054992676
4.75221061706543
4.23892879486084
4.108212471008301
4.299507141113281
4.346882343292236
4.7583746910095215
4.5908403396606445
4.664803981781006
4.289187431335449
4.305880546569824
4.417928695678711
4.780919075012207
4.487785816192627
4.453056335449219
4.569282531738281
4.4373626708984375
4.993730068206787
4.457947731018066
4.390039443969727
4.663221836090088
4.322214126586914
4.420022487640381
4.373017311096191
4.719103813171387
4.5779337882995605
4.780735015869141
4.627655982971191
4.854336738586426
4.622710227966309
4.420907974243164
4.650937080383301
4.559925556182861
4.725748062133789
4.663896083831787
4.347196578979492
4.5507073402404785
4.58900260925293
4.336061954498291
4.346502780914307
4.260777950286865
4.88861608505249
4.30933952331543
4.661832809448242
4.49754524230957
4.15600061416626
4.919977188110352
4.523347854614258
4.5446295738220215
4.548264026641846
4.679535865783691
4.149196624755859
4.326681137084961
4.3666510581970215
4.693195343017578
4.466245174407959
4.3548994064331055
4.541938304901123
4.532341957092285
5.283290863037109
4.699338912963867
4.584856033325195
4.556318759918213
4.441865921020508
4.671255111694336
4.581123352050781
4.478616237640381
4.8689985275268555
4.313115119934082
4.348969459533691
4.594950199127197
4.256596565246582
4.896180629730225
4.298497200012207
4.571843147277832
4.634517192840576
4.4585089683532715
4.476259231567383
4.832915306091309
4.46224308013916
4.367988109588623
4.4941606521606445
4.679826736450195
4.3497138023376465
4.205476760864258
4.448157787322998
4.645605564117432
4.903254985809326
4.162185192108154
4.586814880371094
4.369293689727783
4.378657341003418
4.560716152191162
4.262359142303467
4.459934234619141
4.4390058517456055
4.794732093811035
4.454016208648682
4.159809589385986
4.331178665161133
4.322809219360352
4.384979724884033
4.5564351081848145
4.319336414337158
4.4132914543151855
4.522914886474609
4.784183025360107
4.414653778076172
4.758167266845703
4.399466514587402
4.072629928588867
4.146651744842529
4.7532124519348145
4.662947177886963
4.378152370452881
4.447735786437988
4.93986177444458
4.640585899353027
4.328652858734131
4.15654993057251
4.6210222244262695
4.298258304595947
4.5020833015441895
4.340847969055176
4.503944396972656
4.4260687828063965
4.336954593658447
4.3014326095581055
4.175966739654541
5.211187362670898
4.521401405334473
5.056267738342285
4.422015190124512
4.800962448120117
4.369295120239258
4.451942443847656
4.939175128936768
4.598732948303223
4.5389556884765625
4.371432304382324
4.608301639556885
4.393333435058594
4.776825428009033
4.761731147766113
4.444337844848633
4.2507829666137695
4.458719253540039
4.521390914916992
4.517404079437256
4.285962104797363
3.974669933319092
4.291889190673828
4.443102836608887
4.374152183532715
4.960415840148926
4.720099925994873
4.6958394050598145
4.726842880249023
4.155245780944824
4.450451374053955
4.624754905700684
4.3123650550842285
4.534476280212402
4.484514236450195
4.794336795806885
4.3200178146362305
4.6784210205078125
4.633578777313232
4.891787052154541
4.515079498291016
5.117673873901367
4.611351490020752
4.329638481140137
4.673731803894043
4.652471542358398
4.485589504241943
4.530707359313965
4.953405857086182
4.28549861907959
4.562349319458008
4.351644992828369
4.410327911376953
4.5560832023620605
4.193119049072266
4.408221244812012
4.930341720581055
4.7400383949279785
4.409409046173096
4.471149444580078
4.775625705718994
4.661754608154297
4.56205940246582
4.3742804527282715
4.259006023406982
4.403874397277832
4.640143871307373
4.609416961669922
4.694530963897705
4.344241619110107
4.45036506652832
4.663175106048584
4.459707260131836
4.164013862609863
5.225893974304199
4.499243259429932
4.329869270324707
4.644803047180176
4.933189868927002
4.39518928527832
4.566887378692627
4.47791862487793
4.307104587554932
4.408041000366211
4.690546035766602
4.386980056762695
4.409424304962158
4.5595479011535645
4.920429706573486
4.312849998474121
4.555469512939453
4.410855293273926
4.781341075897217
4.322888374328613
4.627493381500244
4.387915134429932
4.468349933624268
4.351407527923584
4.476119518280029
4.24591064453125
4.349827766418457
4.336935520172119
4.589974403381348
4.488713264465332
4.207923412322998
4.486567974090576
4.257188320159912
4.702585220336914
4.950984477996826
4.379764080047607
4.4288554191589355
4.940692901611328
4.285991191864014
4.495818614959717
4.508558750152588
4.810141086578369
4.748325347900391
4.296514511108398
4.435908794403076
4.534876346588135
4.497729301452637
4.5212016105651855
4.6632795333862305
4.261790752410889
4.505348205566406
4.622380256652832
4.37483024597168
4.592130184173584
4.484161853790283
4.6809282302856445
4.23057222366333
4.68005895614624
4.862894058227539
4.322890758514404
4.4018049240112305
4.591316223144531
4.100481986999512
4.158371448516846
4.157532691955566
4.478176116943359
4.308925628662109
4.578016757965088
4.459084987640381
4.399776458740234
4.7669806480407715
4.417420864105225
4.570364952087402
4.61585807800293
4.8062005043029785
4.559547424316406
4.781228542327881
4.477563381195068
4.7112531661987305
4.5184831619262695
4.401954650878906
4.455056190490723
4.778354167938232
4.416773796081543
4.589411735534668
4.3665947914123535
4.3947882652282715
4.292000770568848
4.403116703033447
4.425629138946533
4.2791056632995605
4.544427394866943
4.488710403442383
4.3531036376953125
4.626133918762207
4.796628475189209
4.266335487365723
4.584427356719971
4.312433242797852
4.562846660614014
4.343647003173828
4.391755104064941
4.397250652313232
4.448803901672363
5.434542655944824
4.491909503936768
4.316462993621826
4.490066051483154
4.629785537719727
4.527482986450195
4.388144016265869
4.621058940887451
4.5776567459106445
4.57622766494751
4.450932502746582
4.177511692047119
4.302454948425293
4.366464138031006
4.564298152923584
4.368850231170654
4.252897262573242
4.913142204284668
4.414335250854492
4.586169719696045
4.635125637054443
4.489371299743652
4.303051948547363
4.735187530517578
4.344959735870361
4.410460948944092
4.290726184844971
4.3040313720703125
4.240910053253174
4.200197696685791
4.279088973999023
4.431416988372803
4.524655818939209
5.41852331161499
4.466505527496338
4.207131862640381
4.307250022888184
4.471696376800537
4.5963358879089355
4.774579048156738
4.66444730758667
4.197068214416504
4.624432563781738
4.210240364074707
4.549790859222412
4.252481460571289
4.87986421585083
4.169780254364014
4.352705955505371
4.5154547691345215
4.280345916748047
4.029655933380127
4.052987575531006
4.408696174621582
4.543655872344971
4.776092052459717
4.404564380645752
4.738858699798584
4.535280227661133
4.747377872467041
4.365583896636963
4.2194061279296875
4.604926109313965
4.515189170837402
4.4808454513549805
4.616766452789307
4.534476280212402
4.648739814758301
4.602509498596191
4.363741397857666
4.221333026885986
4.452816486358643
4.372626304626465
4.614066123962402
5.0386528968811035
4.397675514221191
4.313207149505615
4.261153697967529
4.433835029602051
4.273444175720215
4.504205226898193
4.265285015106201
4.635144233703613
4.804123401641846
4.530249118804932
4.49595832824707
4.4356536865234375
4.294407844543457
4.744747161865234
4.26859712600708
4.622739791870117
4.598205089569092
4.851515769958496
4.315577030181885
4.61236572265625
4.369014739990234
4.582579135894775
4.2919793128967285
4.322935104370117
4.511325359344482
4.342193126678467
4.3381876945495605
4.444134712219238
4.371821403503418
4.499580383300781
4.444701671600342
4.12040901184082
4.719168663024902
4.666370391845703
4.43025541305542
4.451349258422852
4.305846691131592
4.475030422210693
4.685468673706055
4.3195672035217285
4.599177360534668
4.227440357208252
4.466821193695068
4.230274200439453
4.396805763244629
4.332022666931152
4.727692604064941
4.59897518157959
4.630895137786865
4.112995147705078
4.373595237731934
4.453786849975586
4.452298641204834
4.3950605392456055
4.354905128479004
4.465523719787598
4.265944480895996
4.052879333496094
4.310412406921387
4.14613151550293
3.948446035385132
4.778149604797363
4.155231475830078
4.125916004180908
4.337085723876953
4.462658405303955
4.341506004333496
4.766660690307617
4.439487934112549
4.552282810211182
4.223565101623535
4.224806308746338
4.10413932800293
4.344732761383057
4.134171009063721
5.080417156219482
4.406050682067871
4.354864597320557
4.602721691131592
4.778791904449463
4.32224178314209
4.38869047164917
4.562272071838379
4.426990032196045
4.306318759918213
4.510600566864014
4.563963890075684
4.3812689781188965
4.809242248535156
4.553565979003906
4.724973678588867
4.4719414710998535
4.028757095336914
4.262636661529541
4.409409046173096
4.517841339111328
4.385434150695801
4.580667018890381
4.284358978271484
4.405654430389404
4.465796947479248
4.517485618591309
4.314008712768555
4.458604335784912
4.189068794250488
4.049182415008545
4.359341144561768
3.9775490760803223
4.586133003234863
4.472651481628418
4.2776875495910645
4.627893924713135
3.936483383178711
4.22627592086792
4.465785980224609
4.566003322601318
4.413778781890869
4.358936786651611
4.4475789070129395
4.24441385269165
4.095804691314697
4.604782581329346
4.74928092956543
4.228085517883301
4.201547145843506
4.303144931793213
4.131175994873047
4.300790786743164
4.687007427215576
4.1142401695251465
4.5784687995910645
4.324649810791016
4.569669723510742
4.400256156921387
4.416915416717529
4.385559558868408
4.332465648651123
4.450483798980713
4.3836493492126465
4.572995662689209
4.389291763305664
4.087349891662598
4.377379894256592
4.212381839752197
4.48084831237793
4.279111862182617
4.069186687469482
4.178880214691162
4.418720245361328
4.719173908233643
4.2029643058776855
4.389603614807129
4.254012584686279
4.398094654083252
4.7124199867248535
4.57857608795166
4.00791072845459
4.32492208480835
4.271998882293701
4.241929054260254
3.9176077842712402
4.488173484802246
4.386145114898682
4.258729934692383
4.421281814575195
4.302953720092773
4.177043437957764
4.432631015777588
4.245733261108398
4.109553813934326
4.58444356918335
4.064950942993164
4.104084014892578
4.6305999755859375
4.031229019165039
4.161794662475586
4.086103439331055
4.594944477081299
4.651113510131836
4.282723426818848
4.384956359863281
4.458438873291016
4.589908123016357
4.344610691070557
4.677332401275635
4.2729411125183105
4.426712512969971
5.380531311035156
4.848598003387451
4.228641986846924
4.4364914894104
4.582711219787598
4.541844844818115
4.457889556884766
4.206653118133545
4.530708312988281
4.291286468505859
4.360805511474609
4.791203022003174
4.433206558227539
4.326009750366211
4.483341693878174
4.238384246826172
4.616942405700684
4.228099822998047
4.458230018615723
4.336636543273926
4.422799587249756
4.391499042510986
4.294142723083496
4.199441909790039
4.913312911987305
4.041752338409424
4.201483249664307
4.4406585693359375
4.095116138458252
4.3086419105529785
4.229923725128174
4.131637096405029
4.728456497192383
4.62021017074585
4.455437660217285
4.284089088439941
4.6051130294799805
4.434720516204834
4.430368423461914
4.359187126159668
4.077991485595703
4.849370956420898
4.184469699859619
4.461012363433838
4.825194835662842
4.284696578979492
4.383340835571289
4.628129005432129
4.214724540710449
4.112699031829834
4.2201948165893555
4.297985076904297
4.6027631759643555
4.123077869415283
4.019278526306152
4.193055152893066
4.390911102294922
4.305211067199707
4.593363285064697
4.234842300415039
4.282207012176514
4.797969818115234
4.4653191566467285
4.906750679016113
4.548423767089844
4.634008884429932
4.213130474090576
4.4443159103393555
4.425047874450684
4.776724338531494
4.360795974731445
4.372321128845215
4.537261486053467
4.452503681182861
4.455747604370117
4.571027755737305
4.373348236083984
4.124283790588379
4.132419109344482
4.164731979370117
4.467741966247559
4.277890205383301
4.167358875274658
4.476689338684082
4.041883945465088
4.5026445388793945
4.351949214935303
4.237826347351074
4.234309673309326
4.066138744354248
4.604198932647705
4.20703125
4.212053298950195
4.24359655380249
4.2830376625061035
4.649260997772217
4.3021721839904785
4.3677978515625
4.446816921234131
4.766727924346924
4.343418598175049
4.346540451049805
4.330921173095703
4.407938480377197
4.439366817474365
4.170510768890381
4.461117267608643
4.1565141677856445
4.081547737121582
4.217630863189697
4.47978401184082
4.013420104980469
4.172060966491699
4.42303991317749
4.330975532531738
4.153918266296387
4.439760684967041
4.337366104125977
4.376107692718506
4.062993049621582
4.423746585845947
4.330841541290283
4.773762226104736
4.5617756843566895
4.1363725662231445
4.779026031494141
4.322427749633789
4.570312023162842
4.643958568572998
4.16866397857666
4.755645275115967
4.5150065422058105
4.112208366394043
4.528748989105225
4.2524237632751465
4.108960151672363
4.397943019866943
4.985869884490967
4.776053428649902
4.430265426635742
4.67510986328125
4.156191825866699
4.504605293273926
4.292713642120361
4.24996280670166
4.38136100769043
4.2308549880981445
4.137454986572266
4.5878167152404785
4.8976311683654785
4.793903827667236
4.429773807525635
4.157214641571045
4.462893486022949
4.254652500152588
4.082910537719727
3.9711263179779053
4.110297679901123
4.219135284423828
4.954827785491943
4.220467567443848
4.126884460449219
4.649663925170898
4.258505344390869
4.697921276092529
4.177392482757568
4.361711025238037
4.093841075897217
4.209729194641113
4.582192897796631
4.173125743865967
4.3342671394348145
4.369751930236816
4.434265613555908
4.290229797363281
4.453234672546387
4.412176609039307
4.269133567810059
4.231630325317383
4.096484184265137
4.407378196716309
4.481314182281494
4.320777416229248
4.360961437225342
4.530666828155518
4.376545429229736
4.24118185043335
4.2199506759643555
4.1371283531188965
4.074294090270996
4.092194080352783
4.34576940536499
4.262282848358154
4.5675859451293945
5.037227630615234
4.205124378204346
4.512094497680664
4.676789283752441
4.360019207000732
4.648207664489746
4.433327674865723
4.3089518547058105
4.442807674407959
4.136216640472412
4.5128936767578125
4.357346534729004
4.481601238250732
4.226901054382324
4.256799697875977
4.295986652374268
4.261959552764893
4.4878363609313965
4.512440204620361
4.556431293487549
4.105145454406738
4.36086368560791
4.302701950073242
4.344464302062988
4.80993127822876
4.327442169189453
4.361807823181152
4.44155740737915
4.483653545379639
4.667128086090088
4.13192081451416
4.43060302734375
4.258419990539551
4.310166358947754
4.375753879547119
4.318504810333252
4.214761734008789
4.46950101852417
4.110612392425537
4.582204818725586
4.882096290588379
4.245867729187012
4.3364577293396
4.51257848739624
4.18984317779541
4.471421718597412
4.330022811889648
4.801089763641357
3.9512414932250977
4.530165195465088
4.689207077026367
3.9890904426574707
4.321077346801758
4.461877346038818
4.6241278648376465
4.623595714569092
4.715755462646484
4.246287822723389
4.3719868659973145
4.410423755645752
4.016941547393799
4.63741397857666
3.930875539779663
4.365277290344238
4.137876510620117
4.257069110870361
4.144442558288574
3.956535577774048
4.717797756195068
4.2365593910217285
4.363612651824951
4.3752970695495605
4.3329267501831055
4.261487007141113
4.3165130615234375
4.1687331199646
4.434999942779541
4.273416042327881
4.112242221832275
4.094849109649658
4.023142337799072
4.3506364822387695
4.831103801727295
4.258650779724121
4.025694370269775
4.204307556152344
4.240858554840088
4.429867267608643
4.609567642211914
4.319899559020996
4.7502760887146
4.315460681915283
4.403573513031006
4.508721351623535
4.343258857727051
4.546518325805664
4.313011169433594
4.2418694496154785
4.242312908172607
4.44559383392334
4.079352378845215
4.38288688659668
4.355362415313721
4.314081192016602
4.548860549926758
4.153095245361328
4.184590816497803
4.196758270263672
4.239388942718506
4.162118911743164
4.341909408569336
4.355940818786621
4.3692193031311035
4.287355899810791
4.015438079833984
4.442690372467041
4.356834411621094
4.5480451583862305
4.343713760375977
4.173503875732422
4.0657877922058105
4.105668544769287
4.059727191925049
3.9128921031951904
4.877106666564941
4.612746715545654
4.4702839851379395
4.667783260345459
4.802072048187256
4.425232887268066
4.349380970001221
4.483250141143799
4.256289958953857
4.4764299392700195
4.292593955993652
4.300803184509277
4.141674995422363
4.254387855529785
4.451867580413818
4.2448201179504395
4.453195095062256
4.4964141845703125
4.3692498207092285
4.402141571044922
4.138201713562012
4.464809417724609
4.138128280639648
4.754053115844727
4.501935005187988
4.623190879821777
4.31549596786499
4.658609867095947
4.606949329376221
4.551353931427002
4.407946586608887
4.234043121337891
4.36429500579834
4.755589485168457
4.126930236816406
4.156942367553711
4.644516944885254
4.507937431335449
4.669429779052734
4.23095703125
4.19590425491333
4.234805107116699
4.485983848571777
4.06131649017334
4.881880760192871
4.557936668395996
4.753505229949951
4.148201942443848
4.484745979309082
4.14724063873291
4.255687713623047
4.267151832580566
4.265094757080078
4.450432777404785
4.271498680114746
4.605915546417236
4.2130584716796875
3.9699792861938477
4.146747589111328
4.487532138824463
4.33103084564209
4.45714807510376
4.157992362976074
4.127915859222412
4.250330924987793
4.606067657470703
4.3176350593566895
4.165088653564453
4.245838642120361
4.468700408935547
4.470305919647217
4.430643081665039
4.2464518547058105
4.271464824676514
4.494564533233643
4.352871417999268
4.448328971862793
4.387714862823486
4.412806034088135
4.163418769836426
4.334053039550781
4.1702985763549805
4.389585971832275
4.541161060333252
4.147565841674805
4.151417255401611
4.330214977264404
4.104084014892578
4.256218910217285
4.261990547180176
4.371973991394043
4.315568923950195
4.135456562042236
4.665797710418701
4.0778279304504395
4.235080718994141
4.4219231605529785
4.4416351318359375
4.274985313415527
4.119312763214111
4.374966144561768
4.369772911071777
4.597501277923584
3.9861316680908203
3.952817916870117
4.222330570220947
4.9193596839904785
4.267571926116943
4.601647853851318
4.096258640289307
4.174052715301514
4.24217414855957
4.337204456329346
4.671992301940918
3.883094072341919
4.295294761657715
3.9601778984069824
4.053842067718506
4.6882195472717285
4.364746570587158
4.433808326721191
4.060300350189209
4.236443042755127
3.983883857727051
4.295540809631348
4.07509708404541
4.321901321411133
4.777072429656982
4.081887245178223
4.1465349197387695
4.428598403930664
4.377464771270752
4.708856105804443
4.32094669342041
4.049189567565918
4.197243690490723
4.105584621429443
4.468184471130371
4.090072154998779
4.045788288116455
4.083961486816406
4.188421726226807
4.609131813049316
4.047189235687256
4.186907768249512
4.4567975997924805
4.592817783355713
4.279264450073242
4.249039649963379
4.10795259475708
4.380748271942139
4.167783260345459
4.2134809494018555
4.235757827758789
4.214479446411133
4.583661079406738
4.130429267883301
3.9502220153808594
4.5046305656433105
4.263655185699463
4.317302703857422
4.3373703956604
4.266814231872559
4.327523708343506
4.051667213439941
4.5395941734313965
4.328290939331055
4.229831695556641
4.357029438018799
4.439079284667969
4.795746326446533
3.901674270629883
4.549537181854248
4.2818169593811035
4.422024250030518
3.991244077682495
4.364232540130615
4.392356872558594
4.4566969871521
4.1064677238464355
4.362565994262695
4.589252471923828
4.235533237457275
4.0974884033203125
4.473278045654297
4.206020355224609
4.703683376312256
4.587085247039795
4.5372467041015625
4.024059772491455
4.145812034606934
4.305706024169922
4.3493499755859375
4.283177852630615
4.567033767700195
4.272504806518555
4.254891395568848
4.276031017303467
4.264776229858398
4.776749610900879
3.9826183319091797
4.05507755279541
4.497683048248291
4.114243507385254
4.1827168464660645
4.3097639083862305
4.298318386077881
4.334217548370361
4.205720901489258
4.023674964904785
3.979874610900879
4.607424736022949
4.159533500671387
4.859001636505127
4.675398826599121
4.177076816558838
4.27302885055542
4.679154396057129
4.798677444458008
4.105384349822998
4.239446640014648
4.104571342468262
4.726620674133301
4.553511619567871
4.355075359344482
4.542720794677734
4.163430690765381
4.439298629760742
4.1586737632751465
4.353139877319336
4.0307297706604
4.308119297027588
4.350359916687012
4.3875298500061035
4.570282459259033
4.423490047454834
4.298016548156738
4.413051605224609
4.297825336456299
4.386986255645752
4.287655353546143
4.974480152130127
4.2676286697387695
4.021540641784668
4.3462934494018555
4.614913463592529
4.545190811157227
4.485665798187256
4.223969459533691
4.880573272705078
4.299746036529541
4.606484413146973
4.482035160064697
4.713109016418457
4.3268046379089355
4.479768753051758
4.66743803024292
4.4721527099609375
4.014151096343994
4.499344348907471
4.328430652618408
4.840013027191162
4.315722465515137
4.510704040527344
4.119444847106934
4.640069961547852
4.87533712387085
4.6764631271362305
4.610899448394775
4.671856880187988
4.659669876098633
4.456879615783691
4.558536052703857
4.327855587005615
4.227311134338379
4.527480602264404
4.280689239501953
4.799473762512207
4.206018924713135
4.5479736328125
4.518809795379639
4.416667461395264
4.343630313873291
4.401597499847412
4.616053104400635
4.726245880126953
4.231715202331543
4.25883674621582
4.174723148345947
4.287913799285889
4.450273513793945
4.159636497497559
4.306975364685059
4.097805976867676
4.1551079750061035
4.012476921081543
4.242337703704834
4.076094150543213
4.293337345123291
4.344533920288086
3.866013288497925
3.9794232845306396
4.4788641929626465
4.273466110229492
4.315949440002441
4.310715198516846
5.22852087020874
4.450562953948975
4.99617862701416
4.864668369293213
4.380147457122803
4.699962139129639
4.351876258850098
4.049627304077148
4.248856544494629
4.394702911376953
4.22509765625
4.217115879058838
4.335604190826416
4.656439304351807
4.423539638519287
4.784921169281006
4.516561985015869
4.301983833312988
4.013730525970459
4.439412593841553
4.266568660736084
4.433388710021973
4.551929950714111
4.354170322418213
4.420645713806152
4.2195563316345215
4.367705345153809
4.136082649230957
4.385570049285889
3.9758903980255127
4.070620536804199
3.959014892578125
4.097719192504883
4.260787487030029
4.013953685760498
4.045050144195557
4.096229076385498
4.228250503540039
4.510008811950684
4.410700798034668
4.041338920593262
4.594118118286133
4.408597946166992
4.397274494171143
3.9472129344940186
4.242898464202881
4.180431365966797
4.3057861328125
3.8763482570648193
4.5078444480896
4.045167446136475
4.344723224639893
4.10699987411499
4.52191686630249
4.236741065979004
4.171571731567383
4.3316240310668945
4.048388481140137
4.206279754638672
4.28497314453125
4.963791847229004
4.297543048858643
4.180065631866455
4.595427513122559
4.316559314727783
4.4008026123046875
3.9302079677581787
4.352056503295898
4.073354721069336
4.328365802764893
4.266391277313232
4.324438095092773
4.139260768890381
4.4134697914123535
4.585031509399414
4.23898983001709
4.2738800048828125
4.304831027984619
4.144595623016357
4.500330448150635
4.642508029937744
4.34190034866333
4.455056190490723
4.417484760284424
4.418135166168213
4.186201095581055
4.506219387054443
4.007110118865967
4.1752848625183105
4.299676895141602
4.24700927734375
4.37232780456543
4.429002285003662
4.397197723388672
4.217959403991699
4.514623641967773
4.055688858032227
4.276821136474609
4.018538951873779
4.035447597503662
4.329063415527344
4.020913124084473
4.240689754486084
3.990952730178833
3.973379373550415
4.021661281585693
4.129936218261719
4.402527809143066
4.395152568817139
4.150461196899414
4.3710761070251465
4.308483600616455
4.207417011260986
4.154087066650391
4.405191898345947
4.70310640335083
4.357660293579102
4.559016704559326
4.2509541511535645
4.398322105407715
4.322408676147461
4.1248064041137695
4.168537616729736
4.443889141082764
4.35507869720459
4.224055767059326
4.171026706695557
4.074319839477539
4.173009395599365
4.159939289093018
4.728402614593506
4.827252388000488
4.155942916870117
4.257524013519287
4.831156253814697
4.386643886566162
3.8161659240722656
4.267208099365234
4.677669048309326
3.95228910446167
4.209285736083984
4.197799205780029
4.503620624542236
4.098310470581055
4.5749592781066895
4.340358734130859
4.343881130218506
4.305809497833252
4.281915664672852
3.8198697566986084
4.027235507965088
4.316073417663574
3.9943172931671143
4.327460765838623
3.9282290935516357
4.2189435958862305
3.9390621185302734
4.471409797668457
3.902510404586792
4.495486736297607
4.0682244300842285
4.274726390838623
4.126898288726807
4.590864181518555
4.271147727966309
4.071511745452881
4.000921726226807
4.5004096031188965
4.189290523529053
3.96492600440979
3.903883695602417
4.113935470581055
3.87959361076355
4.368894577026367
4.640903949737549
4.7549872398376465
4.4386091232299805
4.382358551025391
4.422478675842285
4.444848537445068
4.838347434997559
4.591864585876465
3.9799959659576416
4.445593357086182
4.141315460205078
4.05045747756958
4.351123809814453
4.304387092590332
4.394880771636963
4.2084574699401855
4.585233211517334
4.524186134338379
4.34700870513916
4.037913799285889
4.090606212615967
4.26375675201416
4.126757621765137
4.810127258300781
4.662161827087402
4.417241096496582
4.1384077072143555
4.346663951873779
4.421919345855713
4.174097537994385
4.390687942504883
4.279304504394531
4.160899639129639
4.40932559967041
4.779682159423828
4.293537616729736
4.148609638214111
4.255650997161865
4.147891998291016
4.128467082977295
4.0032172203063965
4.49294900894165
4.143619537353516
4.234709739685059
4.599830150604248
4.399910926818848
4.3997979164123535
4.246387481689453
4.560312271118164
4.366178512573242
4.0292181968688965
4.342064380645752
3.974480628967285
4.074620246887207
4.2479729652404785
4.506634712219238
3.9236245155334473
4.41470193862915
4.123932838439941
4.088744163513184
3.9489352703094482
4.537031173706055
3.92663836479187
4.296282768249512
4.490798473358154
3.910274028778076
4.114250183105469
4.049880027770996
4.349188804626465
4.485543727874756
4.161993026733398
4.349537372589111
4.2390971183776855
4.059438228607178
4.547893047332764
4.637719631195068
4.543828964233398
4.105491638183594
4.401871681213379
4.252490043640137
4.098103046417236
4.172121524810791
4.17146635055542
3.9636948108673096
4.270026206970215
4.261465072631836
3.827075958251953
4.34521484375
3.9094109535217285
4.252626895904541
4.400118350982666
3.934173822402954
4.0777907371521
4.418708324432373
4.072667598724365
4.4830708503723145
4.143127918243408
4.03331184387207
3.9906973838806152
4.703189849853516
4.675789833068848
4.68601655960083
4.550710678100586
4.022083759307861
4.100593566894531
4.397863388061523
4.449263572692871
4.516636371612549
4.384161949157715
4.700397491455078
4.168949127197266
4.518115997314453
4.23097038269043
4.117130279541016
4.176628112792969
4.657027244567871
4.435095310211182
3.97282075881958
4.128126621246338
4.268123626708984
4.1964430809021
3.933239459991455
4.720216751098633
4.197157382965088
4.72993803024292
4.240269184112549
4.2763447761535645
4.018702030181885
4.248493194580078
4.3629350662231445
4.341458320617676
4.213050365447998
4.019423961639404
4.156930446624756
4.0610880851745605
4.398990631103516
3.8937294483184814
4.7664875984191895
3.798494815826416
4.018125057220459
4.225180149078369
4.351773262023926
4.611812114715576
4.269052505493164
4.379673480987549
3.8276259899139404
4.22489070892334
4.051965236663818
4.3654351234436035
4.017655849456787
3.961151361465454
4.46351957321167
3.982605457305908
3.917325258255005
4.485770225524902
4.16035270690918
4.708460330963135
4.207695007324219
4.2585906982421875
4.217350006103516
4.205499172210693
4.277168273925781
3.9872183799743652
4.366177082061768
3.9907898902893066
4.0447869300842285
4.2206315994262695
3.9673268795013428
4.6623311042785645
4.423149585723877
4.316552639007568
4.0721516609191895
4.256147861480713
4.220759868621826
4.184162139892578
4.185200214385986
4.267116546630859
4.037260055541992
3.897078514099121
3.9355368614196777
3.9731545448303223
4.36070442199707
3.873943567276001
4.146198272705078
3.862638235092163
4.153963565826416
4.4766950607299805
4.083566188812256
4.3241801261901855
4.558804988861084
4.1377458572387695
3.951162576675415
4.193496227264404
3.881974935531616
4.260781764984131
4.4440388679504395
4.120594501495361
3.9229040145874023
3.866270065307617
4.235226154327393
4.591484546661377
3.9850120544433594
4.185729503631592
4.287378787994385
4.092752933502197
4.083345413208008
4.148647785186768
4.154111862182617
3.9971630573272705
4.262416839599609
4.279789924621582
4.057130336761475
4.335732460021973
4.325862884521484
4.075196266174316
4.729849815368652
4.185902118682861
4.1790666580200195
4.019317150115967
4.5719099044799805
4.027437210083008
4.206780910491943
4.7955145835876465
4.406154632568359
4.470823764801025
4.171283721923828
4.42052698135376
4.146623134613037
3.88761568069458
4.223532199859619
5.0936455726623535
4.290383815765381
4.171384811401367
4.192370414733887
4.205382347106934
4.635094165802002
4.26780366897583
4.464982509613037
4.288926601409912
4.203495025634766
3.966682195663452
4.146823883056641
4.298409938812256
3.9166886806488037
3.9369685649871826
4.202536106109619
3.900529384613037
4.350115776062012
4.094571590423584
4.730302810668945
4.053221702575684
4.4175567626953125
4.196457386016846
4.430378437042236
4.008370399475098
4.499527931213379
4.467281818389893
4.259378910064697
4.488306045532227
4.513092994689941
4.787012577056885
4.10567045211792
4.235386371612549
4.342588901519775
4.2011871337890625
4.472653865814209
4.423315525054932
4.705574035644531
4.1699628829956055
4.592423439025879
4.232945919036865
3.8246254920959473
4.130558013916016
4.053563117980957
3.9155123233795166
3.9921340942382812
4.422122955322266
4.623868942260742
3.87062406539917
4.0437493324279785
4.027662754058838
4.626655101776123
4.3158440589904785
4.027667045593262
4.221691608428955
4.092961311340332
4.322651386260986
4.361570358276367
4.11903715133667
4.595646858215332
4.275369167327881
3.938462972640991
4.63043212890625
4.555760383605957
4.589231967926025
4.348413467407227
4.142686367034912
4.282230377197266
4.377834796905518
4.098525047302246
4.019100189208984
4.410786151885986
3.7701616287231445
3.87984561920166
4.272984027862549
4.088052272796631
4.190368175506592
4.663257122039795
3.730147123336792
3.8486950397491455
4.114870548248291
4.382509708404541
4.227896213531494
4.121099948883057
4.24611759185791
4.0837202072143555
3.7808737754821777
4.146595001220703
3.9766132831573486
4.140628337860107
4.325356960296631
4.344539165496826
3.9942476749420166
4.327098369598389
3.9195876121520996
3.8986430168151855
4.0887837409973145
4.354336738586426
4.315676689147949
3.930865526199341
4.027726650238037
4.166805267333984
4.028670787811279
4.5437798500061035
4.238525867462158
4.118281364440918
4.184945106506348
3.9464094638824463
4.3534159660339355
4.424178600311279
4.412293434143066
4.267186164855957
4.38418436050415
4.0258259773254395
4.424466609954834
4.144576072692871
4.524263381958008
4.221560478210449
4.68582820892334
3.965635061264038
4.090949058532715
4.304529190063477
4.476001739501953
4.160046577453613
4.132917881011963
4.209825038909912
4.515865325927734
3.9998395442962646
4.070406436920166
4.241948127746582
4.295799732208252
4.729577541351318
4.759911060333252
3.967974901199341
4.621942043304443
4.5829548835754395
4.447413921356201
4.053262710571289
4.143477439880371
4.210696220397949
4.346490859985352
4.278221130371094
4.083880424499512
4.261962890625
3.9669930934906006
4.161622047424316
4.201740264892578
4.51415491104126
3.9412357807159424
4.086287498474121
4.109730243682861
4.0636372566223145
3.9958302974700928
4.289194107055664
3.982571601867676
4.490127086639404
3.961390972137451
4.588143348693848
4.27681303024292
3.9613704681396484
4.213494300842285
4.076013565063477
4.09963846206665
4.028762340545654
4.166604995727539
4.206991672515869
4.217520713806152
4.22787618637085
3.9477789402008057
4.2608747482299805
4.22021484375
4.008194923400879
4.45635461807251
4.405881404876709
4.025596618652344
4.563107967376709
4.172784805297852
4.147846698760986
4.109018325805664
4.24850606918335
4.25425910949707
4.214727401733398
4.354177474975586
4.727012634277344
4.3202009201049805
4.143888473510742
4.048539638519287
4.673861026763916
4.203404426574707
4.314810276031494
4.701341152191162
4.2334113121032715
4.25935173034668
3.8483498096466064
4.191405296325684
4.250740051269531
3.784569501876831
4.331915855407715
4.427127838134766
4.396437168121338
4.646617889404297
4.555052280426025
4.138553619384766
3.99202561378479
4.231436252593994
4.586177349090576
4.27905797958374
4.525537967681885
4.529811859130859
3.9890875816345215
4.120311737060547
4.105750560760498
4.309956073760986
4.379182815551758
4.317043304443359
4.64022970199585
4.2309489250183105
4.222829818725586
4.1215996742248535
4.030449390411377
4.049369812011719
3.9591774940490723
3.9184815883636475
3.911780595779419
4.180325508117676
4.055017948150635
4.3137335777282715
4.295633316040039
3.977966547012329
3.885417938232422
4.34613037109375
3.8795695304870605
4.374441623687744
4.165623188018799
4.189911365509033
4.053600311279297
3.8639698028564453
4.022160530090332
4.363054275512695
4.017536640167236
4.4249114990234375
4.127159118652344
4.293724536895752
4.109177112579346
4.012712478637695
4.114726543426514
4.367962837219238
3.8993544578552246
4.792936325073242
4.233325958251953
3.9496407508850098
4.2130255699157715
3.8857522010803223
4.171098232269287
3.972673177719116
4.257368087768555
4.0948591232299805
4.712298393249512
5.2263288497924805
4.244670867919922
4.018364429473877
4.229141712188721
3.775719165802002
4.007152080535889
4.579554080963135
4.040299415588379
4.299890041351318
4.55542516708374
4.410017013549805
4.48476505279541
4.427111625671387
4.278578758239746
4.256320476531982
3.92415189743042
4.105646133422852
4.376659870147705
4.553986072540283
4.32983922958374
4.080310344696045
4.353979587554932
3.9724061489105225
4.175847053527832
3.8354856967926025
4.140166282653809
4.155664443969727
4.10058069229126
4.318509101867676
4.326912879943848
4.031129360198975
4.106288909912109
4.010286808013916
3.8808481693267822
3.8485095500946045
4.035022258758545
4.232419490814209
4.350127220153809
3.693319797515869
4.12806510925293
4.029874801635742
4.021641731262207
4.3147172927856445
4.44060754776001
4.186709403991699
4.544805526733398
4.647176742553711
4.597506999969482
4.739821910858154
4.234260559082031
4.396877765655518
4.1669206619262695
4.4643354415893555
4.272299289703369
4.271000862121582
4.2723846435546875
3.99924898147583
4.178869247436523
4.411787033081055
4.4424920082092285
3.80621075630188
4.0540289878845215
4.250553607940674
4.11683988571167
4.054574489593506
4.033717155456543
3.9012551307678223
4.206719398498535
4.114101409912109
4.366921424865723
4.0973076820373535
3.9323489665985107
4.007281303405762
4.029539585113525
4.770142555236816
4.563743591308594
4.211108684539795
3.9947309494018555
4.310855388641357
4.211516857147217
3.8541035652160645
3.7283031940460205
4.294491291046143
3.99967885017395
4.365926265716553
3.905421257019043
4.437044620513916
3.9220316410064697
4.424579620361328
4.274254322052002
3.9839892387390137
4.504586219787598
4.283982276916504
4.196423530578613
4.423391342163086
4.0467352867126465
4.099749565124512
3.886137008666992
4.2229180335998535
4.252943992614746
3.8736066818237305
4.263510704040527
4.372368335723877
4.228396892547607
4.158763408660889
4.522045612335205
4.217932224273682
4.08420467376709
4.309930324554443
4.111063003540039
3.9668872356414795
4.342350482940674
4.5690693855285645
4.571815490722656
4.004897117614746
4.53243350982666
4.352224349975586
4.469360828399658
4.180616855621338
3.9190115928649902
4.2465739250183105
4.490728378295898
4.416524887084961
4.477713108062744
4.3273749351501465
4.242084980010986
4.513846397399902
4.217403411865234
4.629947185516357
3.917494058609009
4.036124229431152
3.9455339908599854
4.535701274871826
4.625551700592041
4.6770172119140625
4.23422384262085
4.288860321044922
3.8149821758270264
3.9442145824432373
4.410272598266602
4.343770980834961
4.1315765380859375
4.0910186767578125
4.338299751281738
3.9520442485809326
3.763770580291748
3.717930316925049
4.166919231414795
4.184201240539551
4.066672325134277
3.871110677719116
4.062560081481934
4.185540199279785
3.8263182640075684
4.507707595825195
4.445150852203369
3.887484312057495
4.385843276977539
4.298491477966309
4.322569370269775
4.234125137329102
4.058205604553223
4.184083938598633
3.810091018676758
4.085597991943359
4.145785331726074
3.873079776763916
4.113063335418701
3.954251289367676
4.097248554229736
4.347686290740967
4.279815196990967
4.022156715393066
4.265617370605469
4.232491970062256
4.160976886749268
4.186929702758789
4.585122108459473
4.290203094482422
4.387520790100098
4.087296485900879
4.180075645446777
3.966966152191162
4.090113639831543
4.2712626457214355
4.139941215515137
4.198704242706299
4.141625881195068
3.920036554336548
4.208861351013184
3.803773880004883
3.8540165424346924
4.349714756011963
3.9280521869659424
3.999067783355713
4.49362850189209
4.73967170715332
3.905916213989258
4.137767791748047
3.8639895915985107
4.085775852203369
4.309756755828857
3.939790964126587
4.256019592285156
4.2794389724731445
3.9251930713653564
3.879115343093872
4.36842155456543
4.1847686767578125
4.429244041442871
3.898322105407715
4.039243221282959
4.2089738845825195
4.008763790130615
4.586284160614014
4.336174011230469
3.897148847579956
4.113764762878418
4.189004898071289
4.396637916564941
4.200923919677734
4.163608551025391
4.258662223815918
4.057796478271484
4.243708610534668
3.947632312774658
4.065683364868164
3.659130573272705
4.088776588439941
4.024197578430176
3.9694418907165527
4.310098171234131
4.003172874450684
4.389753818511963
4.276129722595215
4.004772186279297
3.9767212867736816
4.317397594451904
4.096765995025635
4.045588493347168
4.174668312072754
3.8569836616516113
3.9664621353149414
4.088217735290527
4.275060176849365
4.495248317718506
3.825216293334961
4.347024917602539
4.234081268310547
3.8532862663269043
4.217949867248535
4.2072930335998535
4.142605304718018
4.279906272888184
3.9273576736450195
4.01910400390625
4.638629913330078
4.151547908782959
3.9439399242401123
3.7756834030151367
3.9266693592071533
4.158544063568115
4.550055503845215
3.8338847160339355
4.486856460571289
4.109452724456787
4.018362522125244
4.072061061859131
4.010902404785156
4.1869120597839355
3.9460525512695312
4.338561058044434
4.175891399383545
4.018208026885986
4.153645992279053
4.334227561950684
3.8653385639190674
4.535214900970459
3.8895018100738525
4.712596416473389
4.4312944412231445
4.22969388961792
4.212116718292236
3.9695372581481934
4.334512710571289
3.8561017513275146
4.101963520050049
4.1261515617370605
3.992007255554199
4.6404595375061035
4.134528160095215
4.641254425048828
3.9118590354919434
4.169844150543213
4.1979660987854
4.421578407287598
3.9754436016082764
4.3523406982421875
4.433428764343262
4.404224872589111
4.281418800354004
4.272819995880127
4.068040370941162
4.0959248542785645
4.2477827072143555
4.240658760070801
4.224306106567383
4.555672645568848
4.341306209564209
3.850813150405884
4.773487091064453
4.157345771789551
4.826770305633545
4.5254693031311035
4.184996604919434
4.019514083862305
4.299388408660889
4.454373836517334
4.0104827880859375
4.195613384246826
4.007208347320557
4.26653528213501
4.273072719573975
4.111810684204102
4.024405479431152
4.295828342437744
4.22402811050415
4.025920867919922
4.433752536773682
3.9058656692504883
4.426791667938232
4.642240524291992
4.255008697509766
4.23579740524292
3.77260684967041
3.875063419342041
4.238516807556152
3.9383227825164795
4.457679748535156
3.896484851837158
4.2021894454956055
4.363195419311523
3.8710548877716064
4.369007110595703
4.12632417678833
4.227624893188477
3.676417589187622
3.932932138442993
3.8935837745666504
4.376082420349121
4.340013027191162
3.7719802856445312
4.195921421051025
4.071208953857422
4.228017807006836
3.9887959957122803
4.425865173339844
4.210885047912598
4.606963157653809
4.201479911804199
4.040717601776123
3.96647572517395
4.376600742340088
3.861980438232422
4.211228847503662
3.877627372741699
3.8208415508270264
4.32557487487793
4.478733062744141
4.60684871673584
4.162121772766113
3.9683353900909424
4.06237268447876
4.188725471496582
4.138528347015381
3.8474581241607666
3.8706462383270264
4.079121112823486
4.172705173492432
3.773240804672241
3.8331053256988525
4.3265509605407715
3.8834171295166016
4.166820049285889
3.819739580154419
4.322432994842529
4.002899646759033
3.9883642196655273
4.648074150085449
3.862352132797241
3.861351490020752
4.228279113769531
4.2987236976623535
4.792949676513672
3.936265468597412
4.050156116485596
4.708815097808838
3.9653055667877197
4.2419304847717285
4.308572769165039
4.597899436950684
3.9741501808166504
4.685558319091797
4.499967575073242
4.0243072509765625
4.25331974029541
4.2705512046813965
4.441997528076172
4.024916648864746
4.180149078369141
4.189558029174805
3.9091012477874756
3.7550976276397705
4.251561641693115
3.846482276916504
3.7197000980377197
4.22312593460083
3.8821661472320557
4.384636402130127
4.292440414428711
4.095781326293945
4.016923427581787
4.174213409423828
3.864206552505493
4.200745105743408
4.458207130432129
4.043717384338379
4.516290664672852
3.91040301322937
4.276500225067139
3.9215986728668213
4.60333251953125
3.9138879776000977
4.149036884307861
4.321135520935059
4.248227119445801
4.032382488250732
3.7063865661621094
3.8845274448394775
4.181867599487305
4.030513286590576
4.282052040100098
3.7443525791168213
3.912626028060913
4.053953647613525
3.808631420135498
4.095598220825195
3.8559622764587402
4.16971492767334
4.2586822509765625
4.085875988006592
4.103019714355469
4.172801971435547
4.233677864074707
4.274258613586426
4.144571781158447
4.464344501495361
4.326315879821777
4.058173179626465
4.099265098571777
4.423876762390137
4.212881088256836
4.0487823486328125
4.18157434463501
4.342245101928711
4.520092010498047
4.0933709144592285
4.155368328094482
4.572533130645752
4.229930877685547
4.079099655151367
4.42828369140625
4.216678142547607
4.5880961418151855
4.253325939178467
4.412070274353027
4.2474365234375
4.061376094818115
4.193111896514893
4.29837703704834
4.3819756507873535
3.9470832347869873
4.0989909172058105
4.5987162590026855
3.9172825813293457
4.162711143493652
4.195141315460205
4.292607307434082
4.541685104370117
4.662980079650879
4.15352725982666
4.266599655151367
4.114260673522949
3.8408398628234863
4.151240348815918
4.502017498016357
4.240687370300293
3.953458786010742
4.253559589385986
3.7867043018341064
4.150263786315918
4.169558048248291
4.147937774658203
4.317227840423584
3.991943359375
4.248415470123291
3.9971652030944824
4.636316776275635
4.225199222564697
4.062346935272217
3.994900703430176
3.84257173538208
3.777630090713501
3.7787418365478516
3.9244461059570312
3.922719717025757
4.199902057647705
3.8139142990112305
4.695834636688232
3.9008355140686035
4.059676647186279
4.209488868713379
4.088573932647705
3.631577730178833
3.8768692016601562
3.945441722869873
3.715251922607422
4.151185989379883
4.251770973205566
4.087184429168701
4.208975315093994
3.9876925945281982
4.2177629470825195
3.8449294567108154
4.274471282958984
4.311558723449707
4.260593891143799
4.28956413269043
4.0323166847229
3.8724358081817627
3.7503244876861572
4.20709753036499
4.248856067657471
4.434642791748047
3.864462375640869
3.7541732788085938
3.898185968399048
3.985245943069458
4.126438617706299
3.7992165088653564
3.8418262004852295
4.14942741394043
3.871520757675171
4.239087104797363
4.232771396636963
3.902658700942993
4.034688472747803
4.04102897644043
4.097011566162109
4.384036064147949
4.10209846496582
4.216893196105957
4.109097957611084
4.3397321701049805
4.121749401092529
3.8849825859069824
4.065700054168701
4.116748332977295
4.20773458480835
3.9208431243896484
3.878363847732544
4.112345218658447
4.391697406768799
4.803988933563232
3.826622247695923
4.032217502593994
3.958648920059204
4.214466571807861
3.670536518096924
4.301809787750244
4.113517761230469
4.499667167663574
3.7870161533355713
4.7041120529174805
4.257019996643066
3.796389102935791
4.7004570960998535
4.351187705993652
4.299887180328369
3.88405442237854
4.532723426818848
3.7039313316345215
4.068932056427002
3.767091751098633
4.349647521972656
4.582216739654541
4.331794738769531
4.2735371589660645
4.16965913772583
4.139746189117432
4.2727251052856445
4.288217067718506
4.0310282707214355
4.299885272979736
4.1855387687683105
4.619917392730713
3.8980305194854736
4.198612213134766
3.93453049659729
3.9354732036590576
4.1181464195251465
3.959803819656372
4.298799514770508
4.582473278045654
4.4210100173950195
4.162731170654297
3.8995063304901123
4.395486831665039
4.18583869934082
4.305056571960449
3.922370433807373
4.076057434082031
4.225271224975586
4.395520210266113
3.980191230773926
3.824183940887451
4.363638401031494
3.830641984939575
4.173957347869873
3.8112523555755615
4.322978973388672
4.385501384735107
4.024107456207275
4.433141231536865
4.5206732749938965
4.512489318847656
4.310479164123535
3.9434654712677
4.142806053161621
4.702648162841797
4.7496466636657715
4.247801303863525
4.4758710861206055
4.055442810058594
4.256068229675293
4.65273380279541
4.196078300476074
4.189411640167236
4.485561370849609
3.883180618286133
4.181105136871338
4.045122146606445
4.388000965118408
4.301570415496826
4.210182189941406
4.197244167327881
4.66093111038208
4.55281400680542
4.1864495277404785
4.126532077789307
4.062180519104004
4.28835916519165
3.935847759246826
3.9703621864318848
4.456400394439697
4.449244022369385
4.192746639251709
4.018934726715088
4.139682292938232
4.278848648071289
4.163373947143555
4.47735071182251
3.860504388809204
3.8701303005218506
4.133424758911133
3.913785457611084
4.17026948928833
4.311367511749268
4.285419464111328
3.83896803855896
4.037038803100586
4.259927749633789
4.057484149932861
3.8497602939605713
4.29288387298584
3.931542158126831
4.184141159057617
4.197385311126709
4.263615608215332
3.945741891860962
4.064187526702881
4.096077919006348
3.7249996662139893
4.381605625152588
4.102090358734131
4.65289306640625
4.4474592208862305
4.0936455726623535
4.711633682250977
4.038752555847168
4.087772369384766
3.7724876403808594
4.012728214263916
3.9725852012634277
3.9101722240448
4.049129962921143
4.021970272064209
3.8430581092834473
3.825427770614624
3.65889310836792
4.0624542236328125
3.781736373901367
4.312828063964844
3.9740803241729736
4.163047790527344
3.89420485496521
4.321715831756592
4.150627136230469
3.967424154281616
4.4979658126831055
3.9556760787963867
4.247061252593994
4.1235456466674805
4.0967278480529785
3.8426015377044678
4.261864185333252
3.769906997680664
4.007124900817871
4.211989402770996
4.173552513122559
4.136570930480957
3.673011302947998
4.389053821563721
4.006240367889404
4.168459415435791
4.264931678771973
4.106156826019287
3.7406132221221924
4.093399524688721
4.038252353668213
4.011524677276611
3.7831337451934814
4.440825939178467
3.898806571960449
4.714986324310303
4.124371528625488
4.098225116729736
4.221199989318848
4.064850807189941
4.231411457061768
4.0089287757873535
3.9626665115356445
4.084061145782471
3.95711350440979
4.240341663360596
4.292089462280273
3.7491159439086914
4.594053745269775
3.843705892562866
4.74006462097168
3.9550187587738037
4.245669841766357
4.119059085845947
4.368017673492432
4.469417095184326
4.0379438400268555
3.9550154209136963
3.813892364501953
4.058985233306885
4.350780487060547
3.9347894191741943
4.283609867095947
3.910341501235962
3.787689208984375
3.7061097621917725
4.176845073699951
3.904806137084961
4.1673126220703125
4.187992572784424
3.985316514968872
3.8388559818267822
4.105170249938965
4.83225154876709
4.005700588226318
4.163534164428711
3.7983129024505615
4.391019821166992
4.058009147644043
3.908338785171509
3.7328031063079834
3.838927984237671
4.425630569458008
4.1170454025268555
4.186752796173096
3.8847484588623047
4.542311191558838
4.516214847564697
4.288690090179443
3.925924301147461
3.7199738025665283
4.1297197341918945
3.7738351821899414
4.449508190155029
3.8598992824554443
3.891542911529541
4.272547721862793
4.078743934631348
4.094756126403809
4.260706901550293
4.200418949127197
4.142796993255615
4.52157735824585
4.109154224395752
3.700101852416992
4.530936241149902
4.571453094482422
3.9621009826660156
4.133476257324219
3.802769184112549
4.1708784103393555
4.019367218017578
4.024179458618164
3.853564739227295
4.127524375915527
4.651635646820068
4.331169605255127
3.9008800983428955
4.516419887542725
4.480506420135498
4.128818988800049
3.959839344024658
3.935093641281128
4.57657527923584
4.42249870300293
4.369880199432373
4.221922874450684
3.928457736968994
4.188656806945801
4.067196846008301
3.7166707515716553
3.802403211593628
4.218669414520264
3.981323719024658
4.051233291625977
3.793553352355957
4.25803804397583
4.410373687744141
4.1780805587768555
4.131752967834473
4.1383514404296875
4.115716457366943
4.222978591918945
4.186836242675781
4.190498352050781
4.084455966949463
4.091490268707275
4.242469787597656
4.192533493041992
4.168388843536377
3.993422269821167
4.02616548538208
4.336670398712158
3.810019016265869
4.527441024780273
3.9471347332000732
3.953056812286377
4.708027362823486
3.8681256771087646
3.9646053314208984
3.92417311668396
3.9859495162963867
4.661262512207031
4.106403827667236
3.834620952606201
4.316686153411865
4.4494853019714355
4.420128345489502
3.645293951034546
4.228622913360596
4.238481044769287
4.1885986328125
3.8312339782714844
3.701368808746338
4.224437236785889
4.333249092102051
3.9589953422546387
3.7217252254486084
3.877540111541748
3.865814685821533
3.9538936614990234
4.007460117340088
4.10274076461792
3.9769840240478516
4.147996425628662
4.565185070037842
4.380420684814453
3.929659843444824
4.020681381225586
4.552660942077637
3.77909517288208
4.379665374755859
4.003540515899658
3.7365195751190186
4.188493728637695
4.01068115234375
4.415884971618652
4.568079948425293
4.6035356521606445
4.227940082550049
4.055448055267334
4.3527302742004395
4.046523571014404
4.429354667663574
4.028049468994141
3.6368935108184814
4.200196266174316
4.129642486572266
4.040544509887695
4.627379894256592
4.6362528800964355
3.7534592151641846
3.891669988632202
3.9557626247406006
4.598768711090088
4.1026201248168945
3.846132278442383
3.8488521575927734
3.886263847351074
4.614099025726318
4.110802173614502
4.323148727416992
4.124276638031006
4.05794095993042
4.03272819519043
3.9648051261901855
4.40240478515625
4.559322834014893
4.343899726867676
4.049738883972168
4.211881160736084
3.934176445007324
3.7413017749786377
4.126993179321289
4.06226110458374
4.398991584777832
4.129422187805176
4.4972429275512695
4.095539093017578
4.053650379180908
3.9894015789031982
4.634817123413086
4.4953999519348145
4.371359825134277
4.19358491897583
4.415602684020996
4.3156609535217285
4.481267929077148
4.500340461730957
3.855391025543213
4.5185723304748535
4.53591775894165
3.898582935333252
4.311402320861816
3.9698033332824707
4.0822672843933105
4.099846839904785
4.184631824493408
4.31501579284668
4.331117153167725
4.093340873718262
3.7299017906188965
4.184710502624512
4.479832172393799
4.432554244995117
4.0775885581970215
4.2162699699401855
4.169212818145752
4.115803241729736
4.103978633880615
4.2945876121521
4.19660758972168
3.8061020374298096
4.08160924911499
4.061211585998535
4.19479513168335
3.740245819091797
4.017384052276611
4.318792343139648
4.455732822418213
4.175767421722412
4.1841721534729
3.929191827774048
4.01508903503418
4.564178943634033
3.868483066558838
4.2616286277771
4.2934370040893555
4.25252628326416
4.170551776885986
4.132820129394531
4.206515789031982
4.400116920471191
3.6462666988372803
4.2964396476745605
4.008716583251953
4.052060127258301
3.7877097129821777
4.573503494262695
4.104124069213867
3.8555104732513428
3.847212791442871
4.249037265777588
3.9594357013702393
4.1573262214660645
3.8991119861602783
3.845785617828369
4.181978225708008
4.162554740905762
4.397240161895752
3.916914939880371
3.9384357929229736
4.537101745605469
4.046429634094238
4.483829498291016
3.698563814163208
4.045610427856445
4.162813663482666
4.146462440490723
4.070552825927734
3.7007951736450195
3.665905714035034
3.8547794818878174
4.731786251068115
3.887809991836548
4.254693508148193
4.21574592590332
4.291324138641357
3.940840005874634
4.185395240783691
4.3563127517700195
4.191890239715576
4.014286518096924
4.176403999328613
4.09706974029541
3.8841230869293213
4.053332328796387
4.265426158905029
3.9581809043884277
4.080495834350586
3.910191535949707
4.58035135269165
3.9496984481811523
4.2443437576293945
4.14137601852417
3.828585147857666
4.063314437866211
4.427400588989258
3.8371031284332275
4.175208568572998
4.194939613342285
4.308446884155273
3.831977128982544
4.258724689483643
4.451967239379883
4.486702919006348
4.341226100921631
3.816798448562622
3.825066089630127
3.8489534854888916
4.111973762512207
4.007335662841797
3.863420009613037
3.9913623332977295
3.854245185852051
4.012645244598389
4.013365268707275
4.123750686645508
4.120914459228516
4.269588947296143
3.819378137588501
4.251716136932373
4.254743576049805
4.1988654136657715
4.120020389556885
4.175426959991455
4.113964080810547
3.7872672080993652
3.884498119354248
4.119006156921387
4.277512550354004
4.506545066833496
4.504088878631592
3.802595615386963
3.8267369270324707
4.100034236907959
4.065131187438965
3.8485982418060303
4.069862365722656
3.880370616912842
3.9690685272216797
3.9760444164276123
4.163267135620117
4.248594760894775
4.356291770935059
4.1603922843933105
4.035952568054199
3.8141772747039795
3.8818764686584473
3.868856430053711
3.9786322116851807
3.8088793754577637
3.6591174602508545
3.7590625286102295
4.026491165161133
3.651805877685547
4.372525215148926
4.037714958190918
3.835453748703003
3.5478031635284424
4.172599792480469
4.253259658813477
4.565303325653076
3.75710391998291
4.5159406661987305
4.071056365966797
4.115391254425049
4.045307159423828
3.8009886741638184
4.164173126220703
3.70125412940979
4.384810447692871
4.481126308441162
4.103164196014404
4.120777606964111
4.223564147949219
4.162197113037109
4.2579026222229
4.096393585205078
3.9925360679626465
3.706766128540039
4.404740810394287
4.019520282745361
4.077999114990234
4.6791300773620605
3.874894142150879
4.185812473297119
3.9280436038970947
4.183456897735596
3.9819891452789307
3.743896484375
4.050497531890869
3.761021375656128
3.638126850128174
4.53131628036499
4.136913299560547
4.107207298278809
3.829331874847412
4.179525852203369
4.122900009155273
4.203601837158203
4.318922519683838
3.9242119789123535
4.225030899047852
3.9467804431915283
4.057831764221191
4.581252574920654
4.0222978591918945
4.126507759094238
4.194725036621094
3.88319730758667
3.8197295665740967
4.262916564941406
4.420651912689209
4.198277473449707
4.034191131591797
4.378128528594971
4.0867600440979
4.380650520324707
4.143792152404785
4.03784704208374
4.080872535705566
3.7617883682250977
4.1364970207214355
4.684204578399658
4.0448832511901855
3.970309257507324
3.8525335788726807
4.743021488189697
4.318608283996582
4.11887788772583
4.103710651397705
3.933953285217285
4.057535648345947
4.264755725860596
4.421032905578613
3.942411422729492
4.081634044647217
3.8988115787506104
3.8603696823120117
4.193290710449219
4.517024040222168
4.036755561828613
3.957322835922241
4.369790554046631
3.976500988006592
4.049449920654297
4.048897743225098
3.872941493988037
4.150998115539551
3.8361215591430664
4.268066883087158
3.6967897415161133
3.979525089263916
3.787506341934204
4.116113185882568
3.7213199138641357
4.280108451843262
4.310026168823242
4.316256999969482
4.2288818359375
3.8211286067962646
3.980659246444702
4.227599143981934
3.9066758155822754
3.807903528213501
3.634986639022827
4.074135780334473
4.160802364349365
4.271651268005371
3.978055000305176
4.069194793701172
4.7073516845703125
4.011406898498535
4.054121494293213
4.096035480499268
3.6364126205444336
3.888087749481201
3.705819606781006
4.597386360168457
4.018521785736084
4.208084583282471
3.958878517150879
4.087062835693359
4.094351768493652
4.122702121734619
4.263039588928223
4.235828876495361
4.097259998321533
4.04033088684082
3.9188246726989746
3.8654050827026367
4.0940446853637695
4.122072219848633
3.7298011779785156
4.347002029418945
3.9456450939178467
3.982384443283081
4.175124168395996
4.025250434875488
3.960975408554077
3.9695165157318115
3.7320773601531982
3.7500293254852295
4.174061298370361
4.132224082946777
3.8521182537078857
4.29583215713501
3.9044888019561768
4.170356273651123
3.8771438598632812
4.371170520782471
4.650210380554199
3.697390556335449
4.003636360168457
4.159412384033203
4.644038677215576
3.8839633464813232
3.904951333999634
3.6695315837860107
3.693013906478882
3.7961695194244385
4.090363502502441
4.10966682434082
4.081356525421143
3.766812324523926
3.7653777599334717
4.16588830947876
4.079827785491943
4.473259449005127
4.117696762084961
3.8350906372070312
3.8675537109375
3.844839096069336
4.134884834289551
4.557429313659668
4.089178085327148
3.9597699642181396
3.6136131286621094
3.9623987674713135
3.9014313220977783
3.706475257873535
3.83858323097229
4.153438091278076
4.212178707122803
4.327816009521484
4.124492645263672
4.050209045410156
4.005553722381592
3.7733542919158936
4.3935065269470215
4.039730548858643
3.874329090118408
4.218217372894287
4.646867752075195
3.968039035797119
4.064097881317139
4.083366870880127
3.917609930038452
3.9579923152923584
3.778085947036743
3.767820119857788
3.973663806915283
3.73453688621521
4.187504291534424
4.345961093902588
4.5051093101501465
3.812350034713745
4.067593097686768
3.690309762954712
3.8238539695739746
4.391234874725342
4.025023937225342
4.319243907928467
4.2448320388793945
4.70632266998291
4.048413276672363
4.022759914398193
3.8791663646698
4.118171215057373
4.056002140045166
3.9150938987731934
4.695252418518066
4.00516939163208
4.023956775665283
4.03973913192749
4.209853172302246
4.375839710235596
3.755436897277832
3.984304666519165
3.8256163597106934
3.975973129272461
4.465646266937256
3.744694232940674
3.9044113159179688
3.7949039936065674
3.6176040172576904
3.8340203762054443
4.150382995605469
4.367455005645752
3.817275047302246
4.499460220336914
4.648797988891602
3.922748327255249
4.099183082580566
4.748011589050293
3.7139623165130615
3.9945130348205566
4.631106853485107
4.0594706535339355
4.105915069580078
3.7489938735961914
3.784961700439453
4.213885307312012
4.158998489379883
4.097005367279053
4.420380115509033
4.203378677368164
4.511063575744629
4.399422645568848
4.089791774749756
3.892087936401367
4.53056526184082
4.015870094299316
3.985185384750366
3.88223934173584
4.012396335601807
3.927586555480957
4.056034088134766
3.909611701965332
3.6768476963043213
4.0307416915893555
4.094484806060791
4.0440287590026855
4.371726036071777
4.054468631744385
4.440668106079102
3.8726158142089844
3.7106258869171143
3.8424603939056396
3.73287034034729
4.059940814971924
4.117855072021484
4.138372898101807
3.5554444789886475
3.9892735481262207
3.8015124797821045
4.17782735824585
4.279910087585449
4.091649532318115
4.014867782592773
3.9870002269744873
4.100724697113037
4.157544136047363
3.7395222187042236
3.9265360832214355
4.023807525634766
3.9580917358398438
3.7430226802825928
3.9817192554473877
4.097207069396973
4.322526454925537
3.6786997318267822
3.8184242248535156
3.5570876598358154
4.1912946701049805
3.8812620639801025
3.833981990814209
3.669156789779663
4.179694175720215
3.6507444381713867
3.992523193359375
4.061978340148926
4.1665449142456055
3.816906690597534
4.104849815368652
3.8070931434631348
3.546412944793701
3.6320815086364746
3.7646219730377197
3.8650832176208496
3.9626386165618896
3.9827260971069336
4.290496349334717
3.956693649291992
4.074451923370361
4.2944159507751465
3.717648983001709
3.7463951110839844
4.018949031829834
3.6814944744110107
4.079537391662598
4.314125061035156
4.052468776702881
3.783540964126587
3.701205253601074
3.7950122356414795
4.043415546417236
4.24190092086792
3.9518635272979736
3.9075286388397217
4.208327770233154
4.018840312957764
3.9330074787139893
4.052285194396973
3.857961416244507
3.794867515563965
3.857163906097412
3.9560799598693848
4.144790172576904
4.251341819763184
3.900874614715576
3.9754717350006104
4.013616561889648
3.9659993648529053
3.917039632797241
4.027529239654541
4.4752936363220215
4.1429548263549805
4.388955593109131
3.8793232440948486
3.8639910221099854
3.779235363006592
4.377776145935059
4.174702167510986
3.7382047176361084
3.576780319213867
4.5727620124816895
4.204092502593994
4.00541353225708
4.126023292541504
3.9026639461517334
4.293905258178711
3.8734021186828613
4.297839164733887
4.0863447189331055
3.728440284729004
3.8848934173583984
3.765247106552124
4.463813304901123
4.194031238555908
4.287798881530762
3.6326987743377686
4.012156963348389
4.223565101623535
4.042917728424072
3.8575193881988525
3.722092866897583
3.8618404865264893
4.470074653625488
3.572571039199829
4.129815578460693
3.9180150032043457
3.648512601852417
4.036952495574951
3.648705005645752
4.034394264221191
3.7903566360473633
4.024242401123047
4.082101821899414
4.167419910430908
4.194180488586426
3.7924487590789795
4.233569145202637
4.046813011169434
3.941673994064331
3.994525909423828
4.562813758850098
4.2336201667785645
3.905245542526245
4.218189239501953
3.706054210662842
3.9252169132232666
3.6523988246917725
4.414210796356201
3.6905157566070557
4.031637191772461
4.106034278869629
4.258895397186279
3.7330775260925293
4.011503219604492
3.940519094467163
3.743459939956665
4.082141876220703
4.32396125793457
4.4475417137146
4.197081089019775
3.993612766265869
4.0876874923706055
3.8359639644622803
4.0935540199279785
4.082385540008545
4.527679920196533
3.9460506439208984
4.098932266235352
4.08896541595459
3.7685048580169678
4.590385913848877
4.457254409790039
4.443472385406494
3.762179374694824
4.6142144203186035
3.970447540283203
4.3571672439575195
3.9184257984161377
4.359055995941162
4.1704912185668945
4.084291934967041
3.701822519302368
4.044819355010986
4.002416610717773
3.9899802207946777
3.990996837615967
4.167213439941406
3.9623830318450928
4.089168548583984
3.6684160232543945
3.8939974308013916
3.5914793014526367
4.127221584320068
4.661991119384766
4.020946502685547
3.7818896770477295
4.094363212585449
3.5243582725524902
3.811232566833496
3.819305419921875
3.837336540222168
3.7488038539886475
3.652449369430542
4.086197376251221
3.6667745113372803
3.7726826667785645
3.9489500522613525
4.216660022735596
3.694516181945801
4.069774150848389
3.9242591857910156
3.885666847229004
4.017185211181641
3.925973653793335
3.6528825759887695
3.8585290908813477
3.9006781578063965
3.7085258960723877
4.009101867675781
4.070426940917969
3.8959639072418213
4.15386962890625
3.7579185962677
4.233990669250488
3.9454054832458496
4.501105308532715
4.122211933135986
3.911741256713867
4.020246505737305
4.608879089355469
3.6220614910125732
4.011197566986084
4.765753746032715
3.795607805252075
4.254921913146973
4.412115573883057
3.7285947799682617
4.149435520172119
4.049670219421387
3.7400004863739014
4.211375713348389
4.247844696044922
3.8896656036376953
4.32401180267334
4.136131763458252
3.8452889919281006
3.749447822570801
3.7822184562683105
4.122673034667969
3.534574508666992
4.17951774597168
4.007577896118164
3.7662792205810547
4.100820541381836
3.982513666152954
4.460312366485596
3.761089324951172
3.6805078983306885
3.648878812789917
3.732557773590088
4.29960823059082
3.9109113216400146
4.170960426330566
3.7462410926818848
4.092984199523926
3.8381056785583496
4.272608757019043
4.2838311195373535
3.8581511974334717
4.090607166290283
4.196717739105225
4.270191192626953
3.935046911239624
3.752239942550659
4.089705944061279
4.088663101196289
4.049722194671631
4.216009140014648
3.7490861415863037
4.045787334442139
4.347167491912842
4.37666130065918
3.584148406982422
4.558629035949707
4.084321975708008
3.6696221828460693
3.697242259979248
3.9993433952331543
3.9560346603393555
4.07663631439209
4.08984899520874
4.071994781494141
3.937587022781372
4.268998146057129
4.136683940887451
4.331017017364502
3.766486406326294
4.370175361633301
4.066507339477539
4.023585319519043
3.7626712322235107
4.1524338722229
4.252740859985352
3.7838633060455322
4.127779006958008
4.527599811553955
4.3976521492004395
4.087321758270264
3.98538875579834
3.9907612800598145
3.8434255123138428
3.8669798374176025
4.094049453735352
3.7065699100494385
3.979027271270752
3.9979803562164307
3.9941344261169434
4.116304874420166
3.844198703765869
4.07432222366333
4.153687953948975
4.075057506561279
4.098783016204834
3.8541436195373535
3.8974599838256836
3.7875044345855713
3.694983720779419
4.271626949310303
4.374851703643799
4.2458319664001465
3.8663883209228516
4.108512878417969
3.8516948223114014
4.130870342254639
3.8335814476013184
4.202757358551025
4.370211601257324
4.45589017868042
3.8431875705718994
4.18804931640625
3.902057409286499
4.514723300933838
4.0828728675842285
3.9987897872924805
3.9657158851623535
4.383623123168945
3.9975497722625732
4.0766096115112305
4.597284317016602
3.9108622074127197
4.102787017822266
4.16188383102417
4.576296806335449
4.480978965759277
4.408836364746094
4.029387474060059
4.061771392822266
3.964172601699829
3.9412283897399902
4.2275824546813965
4.572035312652588
4.073212146759033
3.80696177482605
4.314805507659912
3.8467960357666016
4.09843635559082
3.954960823059082
3.836254596710205
4.785168170928955
4.082706928253174
4.927179336547852
4.174529075622559
4.161745548248291
3.73732852935791
4.076358318328857
4.31166410446167
